1.000000047e-03,8.851231549e-03
2.000000095e-03,1.770246310e-02
3.000000142e-03,2.645567477e-02
4.000000190e-03,3.511184188e-02
5.000000237e-03,4.367193004e-02
6.000000285e-03,5.213689524e-02
7.000000332e-03,6.050768398e-02
8.000000380e-03,6.878523334e-02
9.000000427e-03,7.697047105e-02
1.000000047e-02,8.506431563e-02
1.100000052e-02,9.306767646e-02
1.200000057e-02,1.009814539e-01
1.300000062e-02,1.088065392e-01
1.400000066e-02,1.165438150e-01
1.500000071e-02,1.241941550e-01
1.600000076e-02,1.317584242e-01
1.700000081e-02,1.392374790e-01
1.800000085e-02,1.466321673e-01
1.900000090e-02,1.539433285e-01
2.000000095e-02,1.611717939e-01
2.100000100e-02,1.683183862e-01
2.200000104e-02,1.753839200e-01
2.300000109e-02,1.823692019e-01
2.400000114e-02,1.892750305e-01
2.500000119e-02,1.961021963e-01
2.600000123e-02,2.028514820e-01
2.700000128e-02,2.095236626e-01
2.800000133e-02,2.161195051e-01
2.900000138e-02,2.226397693e-01
3.000000142e-02,2.290852072e-01
3.100000147e-02,2.354565632e-01
3.200000152e-02,2.417545745e-01
3.300000157e-02,2.479799709e-01
3.400000161e-02,2.541334749e-01
3.500000166e-02,2.602158019e-01
3.600000171e-02,2.662276601e-01
3.700000176e-02,2.721697506e-01
3.800000180e-02,2.780427677e-01
3.900000185e-02,2.838473986e-01
4.000000190e-02,2.895843239e-01
4.100000195e-02,2.952542171e-01
4.200000199e-02,3.008577454e-01
4.300000204e-02,3.063955689e-01
4.400000209e-02,3.118683415e-01
4.500000214e-02,3.172767105e-01
4.600000218e-02,3.226213166e-01
4.700000223e-02,3.279027944e-01
4.800000228e-02,3.331217719e-01
4.900000233e-02,3.382788711e-01
5.000000237e-02,3.433747077e-01
5.100000242e-02,3.484098912e-01
5.200000247e-02,3.533850251e-01
5.300000252e-02,3.583007070e-01
5.400000256e-02,3.631575283e-01
5.500000261e-02,3.679560749e-01
5.600000266e-02,3.726969264e-01
5.700000271e-02,3.773806571e-01
5.800000275e-02,3.820078352e-01
5.900000280e-02,3.865790234e-01
6.000000285e-02,3.910947789e-01
6.100000290e-02,3.955556533e-01
6.200000294e-02,3.999621926e-01
6.300000299e-02,4.043149374e-01
6.400000304e-02,4.086144230e-01
6.500000309e-02,4.128611794e-01
6.600000313e-02,4.170557312e-01
6.700000318e-02,4.211985979e-01
6.800000323e-02,4.252902937e-01
6.900000328e-02,4.293313278e-01
7.000000332e-02,4.333222043e-01
7.100000337e-02,4.372634222e-01
7.200000342e-02,4.411554758e-01
7.300000347e-02,4.449988541e-01
7.400000351e-02,4.487940415e-01
7.500000356e-02,4.525415175e-01
7.600000361e-02,4.562417569e-01
7.700000366e-02,4.598952296e-01
7.800000370e-02,4.635024010e-01
7.900000375e-02,4.670637318e-01
8.000000380e-02,4.705796781e-01
8.100000385e-02,4.740506915e-01
8.200000389e-02,4.774772191e-01
8.300000394e-02,4.808597035e-01
8.400000399e-02,4.841985831e-01
8.500000404e-02,4.874942915e-01
8.600000408e-02,4.907472585e-01
8.700000413e-02,4.939579092e-01
8.800000418e-02,4.971266648e-01
8.900000423e-02,5.002539421e-01
9.000000427e-02,5.033401538e-01
9.100000432e-02,5.063857086e-01
9.200000437e-02,5.093910109e-01
9.300000442e-02,5.123564613e-01
9.400000446e-02,5.152824564e-01
9.500000451e-02,5.181693886e-01
9.600000456e-02,5.210176468e-01
9.700000461e-02,5.238276157e-01
9.800000465e-02,5.265996762e-01
9.900000470e-02,5.293342057e-01
1.000000047e-01,5.320315774e-01
1.010000048e-01,5.346921613e-01
1.020000048e-01,5.373163232e-01
1.030000049e-01,5.399044256e-01
1.040000049e-01,5.424568274e-01
1.050000050e-01,5.449738837e-01
1.060000050e-01,5.474559462e-01
1.070000051e-01,5.499033631e-01
1.080000051e-01,5.523164791e-01
1.090000052e-01,5.546956356e-01
1.100000052e-01,5.570411705e-01
1.110000053e-01,5.593534182e-01
1.120000053e-01,5.616327101e-01
1.130000054e-01,5.638793739e-01
1.140000054e-01,5.660937345e-01
1.150000055e-01,5.682761131e-01
1.160000055e-01,5.704268281e-01
1.170000056e-01,5.725461944e-01
1.180000056e-01,5.746345240e-01
1.190000057e-01,5.766921258e-01
1.200000057e-01,5.787193054e-01
1.210000057e-01,5.807163657e-01
1.220000058e-01,5.826836062e-01
1.230000058e-01,5.846213236e-01
1.240000059e-01,5.865298118e-01
1.250000059e-01,5.884093616e-01
1.260000060e-01,5.902602609e-01
1.270000060e-01,5.920827948e-01
1.280000061e-01,5.938772456e-01
1.290000061e-01,5.956438926e-01
1.300000062e-01,5.973830125e-01
1.310000062e-01,5.990948793e-01
1.320000063e-01,6.007797640e-01
1.330000063e-01,6.024379352e-01
1.340000064e-01,6.040696587e-01
1.350000064e-01,6.056751976e-01
1.360000065e-01,6.072548125e-01
1.370000065e-01,6.088087613e-01
1.380000066e-01,6.103372994e-01
1.390000066e-01,6.118406797e-01
1.400000066e-01,6.133191524e-01
1.410000067e-01,6.147729655e-01
1.420000067e-01,6.162023642e-01
1.430000068e-01,6.176075915e-01
1.440000068e-01,6.189888879e-01
1.450000069e-01,6.203464915e-01
1.460000069e-01,6.216806381e-01
1.470000070e-01,6.229915611e-01
1.480000070e-01,6.242794915e-01
1.490000071e-01,6.255446582e-01
1.500000071e-01,6.267872875e-01
1.510000072e-01,6.280076039e-01
1.520000072e-01,6.292058293e-01
1.530000073e-01,6.303821835e-01
1.540000073e-01,6.315368841e-01
1.550000074e-01,6.326701466e-01
1.560000074e-01,6.337821843e-01
1.570000075e-01,6.348732084e-01
1.580000075e-01,6.359434280e-01
1.590000076e-01,6.369930501e-01
1.600000076e-01,6.380222796e-01
1.610000076e-01,6.390313194e-01
1.620000077e-01,6.400203705e-01
1.630000077e-01,6.409896318e-01
1.640000078e-01,6.419393000e-01
1.650000078e-01,6.428695703e-01
1.660000079e-01,6.437806356e-01
1.670000079e-01,6.446726869e-01
1.680000080e-01,6.455459136e-01
1.690000080e-01,6.464005029e-01
1.700000081e-01,6.472366402e-01
1.710000081e-01,6.480545092e-01
1.720000082e-01,6.488542915e-01
1.730000082e-01,6.496361673e-01
1.740000083e-01,6.504003146e-01
1.750000083e-01,6.511469099e-01
1.760000084e-01,6.518761278e-01
1.770000084e-01,6.525881412e-01
1.780000085e-01,6.532831213e-01
1.790000085e-01,6.539612376e-01
1.800000085e-01,6.546226579e-01
1.810000086e-01,6.552675483e-01
1.820000086e-01,6.558960733e-01
1.830000087e-01,6.565083957e-01
1.840000087e-01,6.571046767e-01
1.850000088e-01,6.576850760e-01
1.860000088e-01,6.582497516e-01
1.870000089e-01,6.587988599e-01
1.880000089e-01,6.593325559e-01
1.890000090e-01,6.598509928e-01
1.900000090e-01,6.603543226e-01
1.910000091e-01,6.608426955e-01
1.920000091e-01,6.613162603e-01
1.930000092e-01,6.617751645e-01
1.940000092e-01,6.622195538e-01
1.950000093e-01,6.626495728e-01
1.960000093e-01,6.630653643e-01
1.970000094e-01,6.634670700e-01
1.980000094e-01,6.638548300e-01
1.990000095e-01,6.642287831e-01
2.000000095e-01,6.645890667e-01
2.010000095e-01,6.649358167e-01
2.020000096e-01,6.652691679e-01
2.030000096e-01,6.655892535e-01
2.040000097e-01,6.658962055e-01
2.050000097e-01,6.661901547e-01
2.060000098e-01,6.664712304e-01
2.070000098e-01,6.667395607e-01
2.080000099e-01,6.669952724e-01
2.090000099e-01,6.672384911e-01
2.100000100e-01,6.674693411e-01
2.110000100e-01,6.676879454e-01
2.120000101e-01,6.678944260e-01
2.130000101e-01,6.680889033e-01
2.140000102e-01,6.682714970e-01
2.150000102e-01,6.684423252e-01
2.160000103e-01,6.686015049e-01
2.170000103e-01,6.687491522e-01
2.180000104e-01,6.688853816e-01
2.190000104e-01,6.690103070e-01
2.200000104e-01,6.691240406e-01
2.210000105e-01,6.692266939e-01
2.220000105e-01,6.693183772e-01
2.230000106e-01,6.693991996e-01
2.240000106e-01,6.694692691e-01
2.250000107e-01,6.695286927e-01
2.260000107e-01,6.695775765e-01
2.270000108e-01,6.696160252e-01
2.280000108e-01,6.696441427e-01
2.290000109e-01,6.696620317e-01
2.300000109e-01,6.696697941e-01
2.310000110e-01,6.696675307e-01
2.320000110e-01,6.696553411e-01
2.330000111e-01,6.696333241e-01
2.340000111e-01,6.696015776e-01
2.350000112e-01,6.695601983e-01
2.360000112e-01,6.695092821e-01
2.370000113e-01,6.694489238e-01
2.380000113e-01,6.693792175e-01
2.390000114e-01,6.693002562e-01
2.400000114e-01,6.692121318e-01
2.410000114e-01,6.691149357e-01
2.420000115e-01,6.690087580e-01
2.430000115e-01,6.688936882e-01
2.440000116e-01,6.687698147e-01
2.450000116e-01,6.686372251e-01
2.460000117e-01,6.684960062e-01
2.470000117e-01,6.683462437e-01
2.480000118e-01,6.681880228e-01
2.490000118e-01,6.680214276e-01
2.500000119e-01,6.678465413e-01
2.510000119e-01,6.676634466e-01
2.520000120e-01,6.674722250e-01
2.530000120e-01,6.672729575e-01
2.540000121e-01,6.670657241e-01
2.550000121e-01,6.668506040e-01
2.560000122e-01,6.666276758e-01
2.570000122e-01,6.663970170e-01
2.580000123e-01,6.661587048e-01
2.590000123e-01,6.659128151e-01
2.600000123e-01,6.656594234e-01
2.610000124e-01,6.653986044e-01
2.620000124e-01,6.651304319e-01
2.630000125e-01,6.648549792e-01
2.640000125e-01,6.645723186e-01
2.650000126e-01,6.642825218e-01
2.660000126e-01,6.639856600e-01
2.670000127e-01,6.636818033e-01
2.680000127e-01,6.633710214e-01
2.690000128e-01,6.630533832e-01
2.700000128e-01,6.627289568e-01
2.710000129e-01,6.623978100e-01
2.720000129e-01,6.620600094e-01
2.730000130e-01,6.617156214e-01
2.740000130e-01,6.613647115e-01
2.750000131e-01,6.610073445e-01
2.760000131e-01,6.606435847e-01
2.770000132e-01,6.602734958e-01
2.780000132e-01,6.598971406e-01
2.790000133e-01,6.595145816e-01
2.800000133e-01,6.591258805e-01
2.810000133e-01,6.587310984e-01
2.820000134e-01,6.583302958e-01
2.830000134e-01,6.579235326e-01
2.840000135e-01,6.575108680e-01
2.850000135e-01,6.570923610e-01
2.860000136e-01,6.566680695e-01
2.870000136e-01,6.562380511e-01
2.880000137e-01,6.558023628e-01
2.890000137e-01,6.553610611e-01
2.900000138e-01,6.549142017e-01
2.910000138e-01,6.544618400e-01
2.920000139e-01,6.540040308e-01
2.930000139e-01,6.535408282e-01
2.940000140e-01,6.530722858e-01
2.950000140e-01,6.525984569e-01
2.960000141e-01,6.521193940e-01
2.970000141e-01,6.516351493e-01
2.980000142e-01,6.511457742e-01
2.990000142e-01,6.506513198e-01
3.000000142e-01,6.501518367e-01
3.010000143e-01,6.496473748e-01
3.020000143e-01,6.491379838e-01
3.030000144e-01,6.486237127e-01
3.040000144e-01,6.481046100e-01
3.050000145e-01,6.475807239e-01
3.060000145e-01,6.470521018e-01
3.070000146e-01,6.465187910e-01
3.080000146e-01,6.459808380e-01
3.090000147e-01,6.454382892e-01
3.100000147e-01,6.448911901e-01
3.110000148e-01,6.443395861e-01
3.120000148e-01,6.437835220e-01
3.130000149e-01,6.432230422e-01
3.140000149e-01,6.426581906e-01
3.150000150e-01,6.420890108e-01
3.160000150e-01,6.415155457e-01
3.170000151e-01,6.409378381e-01
3.180000151e-01,6.403559300e-01
3.190000152e-01,6.397698635e-01
3.200000152e-01,6.391796797e-01
3.210000152e-01,6.385854197e-01
3.220000153e-01,6.379871241e-01
3.230000153e-01,6.373848330e-01
3.240000154e-01,6.367785861e-01
3.250000154e-01,6.361684228e-01
3.260000155e-01,6.355543821e-01
3.270000155e-01,6.349365025e-01
3.280000156e-01,6.343148223e-01
3.290000156e-01,6.336893793e-01
3.300000157e-01,6.330602109e-01
3.310000157e-01,6.324273542e-01
3.320000158e-01,6.317908459e-01
3.330000158e-01,6.311507223e-01
3.340000159e-01,6.305070194e-01
3.350000159e-01,6.298597727e-01
3.360000160e-01,6.292090177e-01
3.370000160e-01,6.285547891e-01
3.380000161e-01,6.278971216e-01
3.390000161e-01,6.272360493e-01
3.400000161e-01,6.265716061e-01
3.410000162e-01,6.259038256e-01
3.420000162e-01,6.252327410e-01
3.430000163e-01,6.245583852e-01
3.440000163e-01,6.238807906e-01
3.450000164e-01,6.231999896e-01
3.460000164e-01,6.225160141e-01
3.470000165e-01,6.218288955e-01
3.480000165e-01,6.211386653e-01
3.490000166e-01,6.204453543e-01
3.500000166e-01,6.197489932e-01
3.510000167e-01,6.190496124e-01
3.520000167e-01,6.183472419e-01
3.530000168e-01,6.176419114e-01
3.540000168e-01,6.169336505e-01
3.550000169e-01,6.162224882e-01
3.560000169e-01,6.155084535e-01
3.570000170e-01,6.147915748e-01
3.580000170e-01,6.140718806e-01
3.590000171e-01,6.133493989e-01
3.600000171e-01,6.126241572e-01
3.610000171e-01,6.118961833e-01
3.620000172e-01,6.111655041e-01
3.630000172e-01,6.104321467e-01
3.640000173e-01,6.096961376e-01
3.650000173e-01,6.089575033e-01
3.660000174e-01,6.082162699e-01
3.670000174e-01,6.074724633e-01
3.680000175e-01,6.067261090e-01
3.690000175e-01,6.059772324e-01
3.700000176e-01,6.052258586e-01
3.710000176e-01,6.044720125e-01
3.720000177e-01,6.037157186e-01
3.730000177e-01,6.029570013e-01
3.740000178e-01,6.021958847e-01
3.750000178e-01,6.014323927e-01
3.760000179e-01,6.006665489e-01
3.770000179e-01,5.998983768e-01
3.780000180e-01,5.991278995e-01
3.790000180e-01,5.983551399e-01
3.800000180e-01,5.975801207e-01
3.810000181e-01,5.968028644e-01
3.820000181e-01,5.960233934e-01
3.830000182e-01,5.952417295e-01
3.840000182e-01,5.944578947e-01
3.850000183e-01,5.936719106e-01
3.860000183e-01,5.928837984e-01
3.870000184e-01,5.920935795e-01
3.880000184e-01,5.913012747e-01
3.890000185e-01,5.905069048e-01
3.900000185e-01,5.897104904e-01
3.910000186e-01,5.889120519e-01
3.920000186e-01,5.881116092e-01
3.930000187e-01,5.873091825e-01
3.940000187e-01,5.865047914e-01
3.950000188e-01,5.856984554e-01
3.960000188e-01,5.848901940e-01
3.970000189e-01,5.840800263e-01
3.980000189e-01,5.832679713e-01
3.990000190e-01,5.824540477e-01
4.000000190e-01,5.816382741e-01
4.010000190e-01,5.808206689e-01
4.020000191e-01,5.800012504e-01
4.030000191e-01,5.791800366e-01
4.040000192e-01,5.783570454e-01
4.050000192e-01,5.775322944e-01
4.060000193e-01,5.767058012e-01
4.070000193e-01,5.758775831e-01
4.080000194e-01,5.750476573e-01
4.090000194e-01,5.742160407e-01
4.100000195e-01,5.733827501e-01
4.110000195e-01,5.725478024e-01
4.120000196e-01,5.717112138e-01
4.130000196e-01,5.708730008e-01
4.140000197e-01,5.700331795e-01
4.150000197e-01,5.691917659e-01
4.160000198e-01,5.683487759e-01
4.170000198e-01,5.675042251e-01
4.180000199e-01,5.666581291e-01
4.190000199e-01,5.658105032e-01
4.200000199e-01,5.649613627e-01
4.210000200e-01,5.641107227e-01
4.220000200e-01,5.632585980e-01
4.230000201e-01,5.624050035e-01
4.240000201e-01,5.615499537e-01
4.250000202e-01,5.606934631e-01
4.260000202e-01,5.598355462e-01
4.270000203e-01,5.589762170e-01
4.280000203e-01,5.581154896e-01
4.290000204e-01,5.572533779e-01
4.300000204e-01,5.563898958e-01
4.310000205e-01,5.555250568e-01
4.320000205e-01,5.546588745e-01
4.330000206e-01,5.537913621e-01
4.340000206e-01,5.529225330e-01
4.350000207e-01,5.520524003e-01
4.360000207e-01,5.511809769e-01
4.370000208e-01,5.503082756e-01
4.380000208e-01,5.494343092e-01
4.390000209e-01,5.485590903e-01
4.400000209e-01,5.476826313e-01
4.410000209e-01,5.468049446e-01
4.420000210e-01,5.459260424e-01
4.430000210e-01,5.450459367e-01
4.440000211e-01,5.441646396e-01
4.450000211e-01,5.432821629e-01
4.460000212e-01,5.423985183e-01
4.470000212e-01,5.415137175e-01
4.480000213e-01,5.406277720e-01
4.490000213e-01,5.397406931e-01
4.500000214e-01,5.388524921e-01
4.510000214e-01,5.379631803e-01
4.520000215e-01,5.370727686e-01
4.530000215e-01,5.361812680e-01
4.540000216e-01,5.352886894e-01
4.550000216e-01,5.343950434e-01
4.560000217e-01,5.335003407e-01
4.570000217e-01,5.326045917e-01
4.580000218e-01,5.317078070e-01
4.590000218e-01,5.308099968e-01
4.600000218e-01,5.299111713e-01
4.610000219e-01,5.290113407e-01
4.620000219e-01,5.281105148e-01
4.630000220e-01,5.272087037e-01
4.640000220e-01,5.263059170e-01
4.650000221e-01,5.254021647e-01
4.660000221e-01,5.244974561e-01
4.670000222e-01,5.235918009e-01
4.680000222e-01,5.226852085e-01
4.690000223e-01,5.217776882e-01
4.700000223e-01,5.208692492e-01
4.710000224e-01,5.199599007e-01
4.720000224e-01,5.190496517e-01
4.730000225e-01,5.181385112e-01
4.740000225e-01,5.172264880e-01
4.750000226e-01,5.163135910e-01
4.760000226e-01,5.153998288e-01
4.770000227e-01,5.144852101e-01
4.780000227e-01,5.135697433e-01
4.790000228e-01,5.126534369e-01
4.800000228e-01,5.117362993e-01
4.810000228e-01,5.108183387e-01
4.820000229e-01,5.098995633e-01
4.830000229e-01,5.089799812e-01
4.840000230e-01,5.080596005e-01
4.850000230e-01,5.071384290e-01
4.860000231e-01,5.062164748e-01
4.870000231e-01,5.052937455e-01
4.880000232e-01,5.043702488e-01
4.890000232e-01,5.034459925e-01
4.900000233e-01,5.025209840e-01
4.910000233e-01,5.015952308e-01
4.920000234e-01,5.006687404e-01
4.930000234e-01,4.997415201e-01
4.940000235e-01,4.988135771e-01
4.950000235e-01,4.978849187e-01
4.960000236e-01,4.969555519e-01
4.970000236e-01,4.960254839e-01
4.980000237e-01,4.950947215e-01
4.990000237e-01,4.941632717e-01
5.000000237e-01,4.932311414e-01
5.010000238e-01,4.922983372e-01
5.020000238e-01,4.913648660e-01
5.030000239e-01,4.904307343e-01
5.040000239e-01,4.894959488e-01
5.050000240e-01,4.885605158e-01
5.060000240e-01,4.876244419e-01
5.070000241e-01,4.866877335e-01
5.080000241e-01,4.857503968e-01
5.090000242e-01,4.848124382e-01
5.100000242e-01,4.838738637e-01
5.110000243e-01,4.829346796e-01
5.120000243e-01,4.819948918e-01
5.130000244e-01,4.810545065e-01
5.140000244e-01,4.801135295e-01
5.150000245e-01,4.791719667e-01
5.160000245e-01,4.782298240e-01
5.170000246e-01,4.772871071e-01
5.180000246e-01,4.763438218e-01
5.190000247e-01,4.753999736e-01
5.200000247e-01,4.744555683e-01
5.210000247e-01,4.735106113e-01
5.220000248e-01,4.725651081e-01
5.230000248e-01,4.716190642e-01
5.240000249e-01,4.706724850e-01
5.250000249e-01,4.697253757e-01
5.260000250e-01,4.687777417e-01
5.270000250e-01,4.678295881e-01
5.280000251e-01,4.668809202e-01
5.290000251e-01,4.659317430e-01
5.300000252e-01,4.649820617e-01
5.310000252e-01,4.640318812e-01
5.320000253e-01,4.630812065e-01
5.330000253e-01,4.621300426e-01
5.340000254e-01,4.611783942e-01
5.350000254e-01,4.602262662e-01
5.360000255e-01,4.592736634e-01
5.370000255e-01,4.583205906e-01
5.380000256e-01,4.573670523e-01
5.390000256e-01,4.564130532e-01
5.400000256e-01,4.554585980e-01
5.410000257e-01,4.545036911e-01
5.420000257e-01,4.535483370e-01
5.430000258e-01,4.525925402e-01
5.440000258e-01,4.516363051e-01
5.450000259e-01,4.506796360e-01
5.460000259e-01,4.497225374e-01
5.470000260e-01,4.487650133e-01
5.480000260e-01,4.478070682e-01
5.490000261e-01,4.468487061e-01
5.500000261e-01,4.458899312e-01
5.510000262e-01,4.449307476e-01
5.520000262e-01,4.439711595e-01
5.530000263e-01,4.430111707e-01
5.540000263e-01,4.420507854e-01
5.550000264e-01,4.410900074e-01
5.560000264e-01,4.401288406e-01
5.570000265e-01,4.391672890e-01
5.580000265e-01,4.382053563e-01
5.590000266e-01,4.372430464e-01
5.600000266e-01,4.362803630e-01
5.610000266e-01,4.353173098e-01
5.620000267e-01,4.343538904e-01
5.630000267e-01,4.333901086e-01
5.640000268e-01,4.324259680e-01
5.650000268e-01,4.314614721e-01
5.660000269e-01,4.304966244e-01
5.670000269e-01,4.295314284e-01
5.680000270e-01,4.285658877e-01
5.690000270e-01,4.276000056e-01
5.700000271e-01,4.266337856e-01
5.710000271e-01,4.256672310e-01
5.720000272e-01,4.247003451e-01
5.730000272e-01,4.237331312e-01
5.740000273e-01,4.227655926e-01
5.750000273e-01,4.217977326e-01
5.760000274e-01,4.208295542e-01
5.770000274e-01,4.198610608e-01
5.780000275e-01,4.188922554e-01
5.790000275e-01,4.179231411e-01
5.800000275e-01,4.169537210e-01
5.810000276e-01,4.159839981e-01
5.820000276e-01,4.150139755e-01
5.830000277e-01,4.140436562e-01
5.840000277e-01,4.130730430e-01
5.850000278e-01,4.121021390e-01
5.860000278e-01,4.111309469e-01
5.870000279e-01,4.101594698e-01
5.880000279e-01,4.091877103e-01
5.890000280e-01,4.082156714e-01
5.900000280e-01,4.072433558e-01
5.910000281e-01,4.062707662e-01
5.920000281e-01,4.052979055e-01
5.930000282e-01,4.043247762e-01
5.940000282e-01,4.033513810e-01
5.950000283e-01,4.023777226e-01
5.960000283e-01,4.014038037e-01
5.970000284e-01,4.004296268e-01
5.980000284e-01,3.994551944e-01
5.990000285e-01,3.984805092e-01
6.000000285e-01,3.975055736e-01
6.010000285e-01,3.965303901e-01
6.020000286e-01,3.955549612e-01
6.030000286e-01,3.945792894e-01
6.040000287e-01,3.936033770e-01
6.050000287e-01,3.926272264e-01
6.060000288e-01,3.916508401e-01
6.070000288e-01,3.906742203e-01
6.080000289e-01,3.896973694e-01
6.090000289e-01,3.887202897e-01
6.100000290e-01,3.877429834e-01
6.110000290e-01,3.867654529e-01
6.120000291e-01,3.857877003e-01
6.130000291e-01,3.848097278e-01
6.140000292e-01,3.838315377e-01
6.150000292e-01,3.828531321e-01
6.160000293e-01,3.818745132e-01
6.170000293e-01,3.808956830e-01
6.180000294e-01,3.799166437e-01
6.190000294e-01,3.789373974e-01
6.200000294e-01,3.779579460e-01
6.210000295e-01,3.769782918e-01
6.220000295e-01,3.759984366e-01
6.230000296e-01,3.750183825e-01
6.240000296e-01,3.740381314e-01
6.250000297e-01,3.730576854e-01
6.260000297e-01,3.720770463e-01
6.270000298e-01,3.710962161e-01
6.280000298e-01,3.701151966e-01
6.290000299e-01,3.691339899e-01
6.300000299e-01,3.681525976e-01
6.310000300e-01,3.671710217e-01
6.320000300e-01,3.661892640e-01
6.330000301e-01,3.652073264e-01
6.340000301e-01,3.642252105e-01
6.350000302e-01,3.632429182e-01
6.360000302e-01,3.622604512e-01
6.370000303e-01,3.612778113e-01
6.380000303e-01,3.602950001e-01
6.390000304e-01,3.593120195e-01
6.400000304e-01,3.583288710e-01
6.410000304e-01,3.573455564e-01
6.420000305e-01,3.563620772e-01
6.430000305e-01,3.553784352e-01
6.440000306e-01,3.543946320e-01
6.450000306e-01,3.534106691e-01
6.460000307e-01,3.524265482e-01
6.470000307e-01,3.514422707e-01
6.480000308e-01,3.504578384e-01
6.490000308e-01,3.494732527e-01
6.500000309e-01,3.484885151e-01
6.510000309e-01,3.475036272e-01
6.520000310e-01,3.465185904e-01
6.530000310e-01,3.455334063e-01
6.540000311e-01,3.445480762e-01
6.550000311e-01,3.435626017e-01
6.560000312e-01,3.425769843e-01
6.570000312e-01,3.415912252e-01
6.580000313e-01,3.406053259e-01
6.590000313e-01,3.396192879e-01
6.600000313e-01,3.386331124e-01
6.610000314e-01,3.376468009e-01
6.620000314e-01,3.366603547e-01
6.630000315e-01,3.356737752e-01
6.640000315e-01,3.346870637e-01
6.650000316e-01,3.337002214e-01
6.660000316e-01,3.327132498e-01
6.670000317e-01,3.317261501e-01
6.680000317e-01,3.307389235e-01
6.690000318e-01,3.297515713e-01
6.700000318e-01,3.287640948e-01
6.710000319e-01,3.277764952e-01
6.720000319e-01,3.267887738e-01
6.730000320e-01,3.258009316e-01
6.740000320e-01,3.248129701e-01
6.750000321e-01,3.238248903e-01
6.760000321e-01,3.228366933e-01
6.770000322e-01,3.218483805e-01
6.780000322e-01,3.208599529e-01
6.790000323e-01,3.198714117e-01
6.800000323e-01,3.188827579e-01
6.810000323e-01,3.178939928e-01
6.820000324e-01,3.169051174e-01
6.830000324e-01,3.159161329e-01
6.840000325e-01,3.149270402e-01
6.850000325e-01,3.139378406e-01
6.860000326e-01,3.129485350e-01
6.870000326e-01,3.119591245e-01
6.880000327e-01,3.109696102e-01
6.890000327e-01,3.099799930e-01
6.900000328e-01,3.089902741e-01
6.910000328e-01,3.080004544e-01
6.920000329e-01,3.070105349e-01
6.930000329e-01,3.060205166e-01
6.940000330e-01,3.050304005e-01
6.950000330e-01,3.040401876e-01
6.960000331e-01,3.030498789e-01
6.970000331e-01,3.020594752e-01
6.980000332e-01,3.010689776e-01
6.990000332e-01,3.000783869e-01
7.000000332e-01,2.990877041e-01
7.010000333e-01,2.980969302e-01
7.020000333e-01,2.971060659e-01
7.030000334e-01,2.961151123e-01
7.040000334e-01,2.951240702e-01
7.050000335e-01,2.941329404e-01
7.060000335e-01,2.931417240e-01
7.070000336e-01,2.921504216e-01
7.080000336e-01,2.911590342e-01
7.090000337e-01,2.901675627e-01
7.100000337e-01,2.891760078e-01
7.110000338e-01,2.881843704e-01
7.120000338e-01,2.871926513e-01
7.130000339e-01,2.862008513e-01
7.140000339e-01,2.852089713e-01
7.150000340e-01,2.842170120e-01
7.160000340e-01,2.832249742e-01
7.170000341e-01,2.822328587e-01
7.180000341e-01,2.812406662e-01
7.190000342e-01,2.802483976e-01
7.200000342e-01,2.792560536e-01
7.210000342e-01,2.782636349e-01
7.220000343e-01,2.772711423e-01
7.230000343e-01,2.762785766e-01
7.240000344e-01,2.752859384e-01
7.250000344e-01,2.742932284e-01
7.260000345e-01,2.733004474e-01
7.270000345e-01,2.723075962e-01
7.280000346e-01,2.713146753e-01
7.290000346e-01,2.703216855e-01
7.300000347e-01,2.693286274e-01
7.310000347e-01,2.683355018e-01
7.320000348e-01,2.673423093e-01
7.330000348e-01,2.663490506e-01
7.340000349e-01,2.653557264e-01
7.350000349e-01,2.643623372e-01
7.360000350e-01,2.633688838e-01
7.370000350e-01,2.623753668e-01
7.380000351e-01,2.613817868e-01
7.390000351e-01,2.603881444e-01
7.400000351e-01,2.593944402e-01
7.410000352e-01,2.584006750e-01
7.420000352e-01,2.574068492e-01
7.430000353e-01,2.564129636e-01
7.440000353e-01,2.554190186e-01
7.450000354e-01,2.544250148e-01
7.460000354e-01,2.534309530e-01
7.470000355e-01,2.524368335e-01
7.480000355e-01,2.514426571e-01
7.490000356e-01,2.504484242e-01
7.500000356e-01,2.494541355e-01
7.510000357e-01,2.484597915e-01
7.520000357e-01,2.474653927e-01
7.530000358e-01,2.464709397e-01
7.540000358e-01,2.454764330e-01
7.550000359e-01,2.444818732e-01
7.560000359e-01,2.434872608e-01
7.570000360e-01,2.424925963e-01
7.580000360e-01,2.414978802e-01
7.590000361e-01,2.405031131e-01
7.600000361e-01,2.395082954e-01
7.610000361e-01,2.385134276e-01
7.620000362e-01,2.375185104e-01
7.630000362e-01,2.365235440e-01
7.640000363e-01,2.355285291e-01
7.650000363e-01,2.345334662e-01
7.660000364e-01,2.335383556e-01
7.670000364e-01,2.325431979e-01
7.680000365e-01,2.315479935e-01
7.690000365e-01,2.305527429e-01
7.700000366e-01,2.295574466e-01
7.710000366e-01,2.285621050e-01
7.720000367e-01,2.275667186e-01
7.730000367e-01,2.265712878e-01
7.740000368e-01,2.255758130e-01
7.750000368e-01,2.245802947e-01
7.760000369e-01,2.235847334e-01
7.770000369e-01,2.225891294e-01
7.780000370e-01,2.215934832e-01
7.790000370e-01,2.205977952e-01
7.800000370e-01,2.196020658e-01
7.810000371e-01,2.186062954e-01
7.820000371e-01,2.176104845e-01
7.830000372e-01,2.166146334e-01
7.840000372e-01,2.156187425e-01
7.850000373e-01,2.146228123e-01
7.860000373e-01,2.136268431e-01
7.870000374e-01,2.126308353e-01
7.880000374e-01,2.116347893e-01
7.890000375e-01,2.106387055e-01
7.900000375e-01,2.096425843e-01
7.910000376e-01,2.086464259e-01
7.920000376e-01,2.076502309e-01
7.930000377e-01,2.066539995e-01
7.940000377e-01,2.056577322e-01
7.950000378e-01,2.046614292e-01
7.960000378e-01,2.036650909e-01
7.970000379e-01,2.026687178e-01
7.980000379e-01,2.016723101e-01
7.990000380e-01,2.006758681e-01
8.000000380e-01,1.996793923e-01
8.010000380e-01,1.986828829e-01
8.020000381e-01,1.976863403e-01
8.030000381e-01,1.966897648e-01
8.040000382e-01,1.956931568e-01
8.050000382e-01,1.946965165e-01
8.060000383e-01,1.936998443e-01
8.070000383e-01,1.927031406e-01
8.080000384e-01,1.917064055e-01
8.090000384e-01,1.907096395e-01
8.100000385e-01,1.897128429e-01
8.110000385e-01,1.887160158e-01
8.120000386e-01,1.877191588e-01
8.130000386e-01,1.867222719e-01
8.140000387e-01,1.857253556e-01
8.150000387e-01,1.847284102e-01
8.160000388e-01,1.837314359e-01
8.170000388e-01,1.827344330e-01
8.180000389e-01,1.817374018e-01
8.190000389e-01,1.807403425e-01
8.200000389e-01,1.797432555e-01
8.210000390e-01,1.787461411e-01
8.220000390e-01,1.777489995e-01
8.230000391e-01,1.767518309e-01
8.240000391e-01,1.757546357e-01
8.250000392e-01,1.747574141e-01
8.260000392e-01,1.737601664e-01
8.270000393e-01,1.727628928e-01
8.280000393e-01,1.717655936e-01
8.290000394e-01,1.707682691e-01
8.300000394e-01,1.697709194e-01
8.310000395e-01,1.687735449e-01
8.320000395e-01,1.677761458e-01
8.330000396e-01,1.667787224e-01
8.340000396e-01,1.657812748e-01
8.350000397e-01,1.647838033e-01
8.360000397e-01,1.637863082e-01
8.370000398e-01,1.627887897e-01
8.380000398e-01,1.617912481e-01
8.390000399e-01,1.607936834e-01
8.400000399e-01,1.597960961e-01
8.410000399e-01,1.587984863e-01
8.420000400e-01,1.578008542e-01
8.430000400e-01,1.568032001e-01
8.440000401e-01,1.558055242e-01
8.450000401e-01,1.548078266e-01
8.460000402e-01,1.538101077e-01
8.470000402e-01,1.528123676e-01
8.480000403e-01,1.518146065e-01
8.490000403e-01,1.508168247e-01
8.500000404e-01,1.498190223e-01
8.510000404e-01,1.488211995e-01
8.520000405e-01,1.478233567e-01
8.530000405e-01,1.468254938e-01
8.540000406e-01,1.458276113e-01
8.550000406e-01,1.448297091e-01
8.560000407e-01,1.438317877e-01
8.570000407e-01,1.428338470e-01
8.580000408e-01,1.418358874e-01
8.590000408e-01,1.408379090e-01
8.600000408e-01,1.398399121e-01
8.610000409e-01,1.388418967e-01
8.620000409e-01,1.378438630e-01
8.630000410e-01,1.368458114e-01
8.640000410e-01,1.358477418e-01
8.650000411e-01,1.348496546e-01
8.660000411e-01,1.338515499e-01
8.670000412e-01,1.328534278e-01
8.680000412e-01,1.318552886e-01
8.690000413e-01,1.308571323e-01
8.700000413e-01,1.298589593e-01
8.710000414e-01,1.288607695e-01
8.720000414e-01,1.278625633e-01
8.730000415e-01,1.268643408e-01
8.740000415e-01,1.258661021e-01
8.750000416e-01,1.248678474e-01
8.760000416e-01,1.238695768e-01
8.770000417e-01,1.228712906e-01
8.780000417e-01,1.218729888e-01
8.790000418e-01,1.208746716e-01
8.800000418e-01,1.198763392e-01
8.810000418e-01,1.188779918e-01
8.820000419e-01,1.178796294e-01
8.830000419e-01,1.168812522e-01
8.840000420e-01,1.158828605e-01
8.850000420e-01,1.148844542e-01
8.860000421e-01,1.138860336e-01
8.870000421e-01,1.128875988e-01
8.880000422e-01,1.118891499e-01
8.890000422e-01,1.108906872e-01
8.900000423e-01,1.098922106e-01
8.910000423e-01,1.088937205e-01
8.920000424e-01,1.078952168e-01
8.930000424e-01,1.068966997e-01
8.940000425e-01,1.058981694e-01
8.950000425e-01,1.048996260e-01
8.960000426e-01,1.039010697e-01
8.970000426e-01,1.029025005e-01
8.980000427e-01,1.019039185e-01
8.990000427e-01,1.009053240e-01
9.000000427e-01,9.990671703e-02
9.010000428e-01,9.890809770e-02
9.020000428e-01,9.790946616e-02
9.030000429e-01,9.691082252e-02
9.040000429e-01,9.591216690e-02
9.050000430e-01,9.491349943e-02
9.060000430e-01,9.391482022e-02
9.070000431e-01,9.291612938e-02
9.080000431e-01,9.191742704e-02
9.090000432e-01,9.091871331e-02
9.100000432e-01,8.991998830e-02
9.110000433e-01,8.892125212e-02
9.120000433e-01,8.792250488e-02
9.130000434e-01,8.692374670e-02
9.140000434e-01,8.592497769e-02
9.150000435e-01,8.492619794e-02
9.160000435e-01,8.392740758e-02
9.170000436e-01,8.292860669e-02
9.180000436e-01,8.192979540e-02
9.190000437e-01,8.093097380e-02
9.200000437e-01,7.993214199e-02
9.210000437e-01,7.893330008e-02
9.220000438e-01,7.793444816e-02
9.230000438e-01,7.693558634e-02
9.240000439e-01,7.593671472e-02
9.250000439e-01,7.493783338e-02
9.260000440e-01,7.393894244e-02
9.270000440e-01,7.294004198e-02
9.280000441e-01,7.194113210e-02
9.290000441e-01,7.094221289e-02
9.300000442e-01,6.994328445e-02
9.310000442e-01,6.894434687e-02
9.320000443e-01,6.794540023e-02
9.330000443e-01,6.694644464e-02
9.340000444e-01,6.594748017e-02
9.350000444e-01,6.494850692e-02
9.360000445e-01,6.394952497e-02
9.370000445e-01,6.295053441e-02
9.380000446e-01,6.195153532e-02
9.390000446e-01,6.095252780e-02
9.400000446e-01,5.995351192e-02
9.410000447e-01,5.895448777e-02
9.420000447e-01,5.795545543e-02
9.430000448e-01,5.695641498e-02
9.440000448e-01,5.595736650e-02
9.450000449e-01,5.495831008e-02
9.460000449e-01,5.395924578e-02
9.470000450e-01,5.296017370e-02
9.480000450e-01,5.196109390e-02
9.490000451e-01,5.096200646e-02
9.500000451e-01,4.996291147e-02
9.510000452e-01,4.896380899e-02
9.520000452e-01,4.796469909e-02
9.530000453e-01,4.696558187e-02
9.540000453e-01,4.596645737e-02
9.550000454e-01,4.496732569e-02
9.560000454e-01,4.396818689e-02
9.570000455e-01,4.296904103e-02
9.580000455e-01,4.196988820e-02
9.590000456e-01,4.097072846e-02
9.600000456e-01,3.997156188e-02
9.610000456e-01,3.897238852e-02
9.620000457e-01,3.797320846e-02
9.630000457e-01,3.697402176e-02
9.640000458e-01,3.597482849e-02
9.650000458e-01,3.497562871e-02
9.660000459e-01,3.397642248e-02
9.670000459e-01,3.297720988e-02
9.680000460e-01,3.197799097e-02
9.690000460e-01,3.097876580e-02
9.700000461e-01,2.997953444e-02
9.710000461e-01,2.898029695e-02
9.720000462e-01,2.798105340e-02
9.730000462e-01,2.698180384e-02
9.740000463e-01,2.598254833e-02
9.750000463e-01,2.498328693e-02
9.760000464e-01,2.398401971e-02
9.770000464e-01,2.298474671e-02
9.780000465e-01,2.198546800e-02
9.790000465e-01,2.098618363e-02
9.800000465e-01,1.998689366e-02
9.810000466e-01,1.898759815e-02
9.820000466e-01,1.798829714e-02
9.830000467e-01,1.698899070e-02
9.840000467e-01,1.598967888e-02
9.850000468e-01,1.499036173e-02
9.860000468e-01,1.399103931e-02
9.870000469e-01,1.299171166e-02
9.880000469e-01,1.199237885e-02
9.890000470e-01,1.099304091e-02
9.900000470e-01,9.993697911e-03
9.910000471e-01,8.994349891e-03
9.920000471e-01,7.994996904e-03
9.930000472e-01,6.995638998e-03
9.940000472e-01,5.996276223e-03
9.950000473e-01,4.996908627e-03
9.960000473e-01,3.997536259e-03
9.970000474e-01,2.998159165e-03
9.980000474e-01,1.998777393e-03
9.990000474e-01,9.993909893e-04
