1.00000004749745130539e-03,-1.95628357294210280962e+00
2.00000009499490261078e-03,-2.25501584380118979233e+00
3.00000014249235391617e-03,-2.42881567012806958003e+00
4.00000018998980522156e-03,-2.55146923168969748212e+00
5.00000023748725652695e-03,-2.64610029331859262862e+00
6.00000028498470783234e-03,-2.72300877801356742947e+00
7.00000033248215913773e-03,-2.78768896304503609705e+00
8.00000037997961044312e-03,-2.84342042926654426358e+00
9.00000042747706174850e-03,-2.89231856224720850434e+00
1.00000004749745130539e-02,-2.93582772242882111607e+00
1.10000005224719643593e-02,-2.97497810444028546687e+00
1.20000005699694156647e-02,-3.01053035790117178992e+00
1.30000006174668669701e-02,-3.04306212127229544235e+00
1.40000006649643182755e-02,-3.07302239544946588783e+00
1.50000007124617695808e-02,-3.10076711280632783614e+00
1.60000007599592208862e-02,-3.12658320336098093507e+00
1.70000008074566721916e-02,-3.15070535213089164832e+00
1.80000008549541234970e-02,-3.17332795942697126323e+00
1.90000009024515748024e-02,-3.19461386310896116865e+00
2.00000009499490261078e-02,-3.21470082095504236671e+00
2.10000009974464774132e-02,-3.23370640980210243606e+00
2.20000010449439287186e-02,-3.25173178394378256401e+00
2.30000010924413800240e-02,-3.26886459739298517249e+00
2.40000011399388313293e-02,-3.28518130375126345415e+00
2.50000011874362826347e-02,-3.30074898627817862450e+00
2.60000012349337339401e-02,-3.31562682881511256632e+00
2.70000012824311852455e-02,-3.32986730895624235714e+00
2.80000013299286365509e-02,-3.34351717412013620589e+00
2.90000013774260878563e-02,-3.35661824626402387640e+00
3.00000014249235391617e-02,-3.36920809011924722478e+00
3.10000014724209904671e-02,-3.38132057181497128998e+00
3.20000015199184417725e-02,-3.39298632878221920043e+00
3.30000015674158930779e-02,-3.40423316732727418736e+00
3.40000016149133443832e-02,-3.41508640083662879869e+00
3.50000016624107956886e-02,-3.42556913894399775651e+00
3.60000017099082469940e-02,-3.43570253595171432384e+00
3.70000017574056982994e-02,-3.44550600520763727745e+00
3.80000018049031496048e-02,-3.45499740488715274345e+00
3.90000018524006009102e-02,-3.46419319963854198331e+00
4.00000018998980522156e-02,-3.47310860175952952449e+00
4.10000019473955035210e-02,-3.48175769493860793463e+00
4.20000019948929548264e-02,-3.49015354308281970761e+00
4.30000020423904061317e-02,-3.49830828633817953670e+00
4.40000020898878574371e-02,-3.50623322606986554859e+00
4.50000021373853087425e-02,-3.51393890029121555053e+00
4.60000021848827600479e-02,-3.52143515080142793794e+00
4.70000022323802113533e-02,-3.52873118310211339736e+00
4.80000022798776626587e-02,-3.53583562000510648413e+00
4.90000023273751139641e-02,-3.54275654971221029121e+00
5.00000023748725652695e-02,-3.54950156903711639593e+00
5.10000024223700165749e-02,-3.55607782234681315636e+00
5.20000024698674678802e-02,-3.56249203672130292965e+00
5.30000025173649191856e-02,-3.56875055376392482515e+00
5.40000025648623704910e-02,-3.57485935843799926531e+00
5.50000026123598217964e-02,-3.58082410525724237956e+00
5.60000026598572731018e-02,-3.58665014211609590577e+00
5.70000027073547244072e-02,-3.59234253201064327441e+00
5.80000027548521757126e-02,-3.59790607287028103194e+00
5.90000028023496270180e-02,-3.60334531569394060993e+00
6.00000028498470783234e-02,-3.60866458116187210979e+00
6.10000028973445296288e-02,-3.61386797487419754254e+00
6.20000029448419809341e-02,-3.61895940135023183007e+00
6.30000029923394322395e-02,-3.62394257690756407255e+00
6.40000030398368835449e-02,-3.62882104152675854418e+00
6.50000030873343348503e-02,-3.63359816979606417694e+00
6.60000031348317861557e-02,-3.63827718102040976512e+00
6.70000031823292374611e-02,-3.64286114857010928669e+00
6.80000032298266887665e-02,-3.64735300853686606631e+00
6.90000032773241400719e-02,-3.65175556775775878742e+00
7.00000033248215913773e-02,-3.65607151126178752938e+00
7.10000033723190426826e-02,-3.66030340918812302172e+00
7.20000034198164939880e-02,-3.66445372322040742691e+00
7.30000034673139452934e-02,-3.66852481257715853902e+00
7.40000035148113965988e-02,-3.67251893959452196448e+00
7.50000035623088479042e-02,-3.67643827493420957231e+00
7.60000036098062992096e-02,-3.68028490244640988835e+00
7.70000036573037505150e-02,-3.68406082371474351105e+00
7.80000037048012018204e-02,-3.68776796230787815120e+00
7.90000037522986531258e-02,-3.69140816776022943728e+00
8.00000037997961044312e-02,-3.69498321930219914282e+00
8.10000038472935557365e-02,-3.69849482935861943842e+00
8.20000038947910070419e-02,-3.70194464683247334569e+00
8.30000039422884583473e-02,-3.70533426018950765826e+00
8.40000039897859096527e-02,-3.70866520035805099565e+00
8.50000040372833609581e-02,-3.71193894345715926322e+00
8.60000040847808122635e-02,-3.71515691336513840777e+00
8.70000041322782635689e-02,-3.71832048413951801974e+00
8.80000041797757148743e-02,-3.72143098229866577543e+00
8.90000042272731661797e-02,-3.72448968897442428817e+00
9.00000042747706174850e-02,-3.72749784194441615998e+00
9.10000043222680687904e-02,-3.73045663755200074718e+00
9.20000043697655200958e-02,-3.73336723252124990475e+00
9.30000044172629714012e-02,-3.73623074567375151010e+00
9.40000044647604227066e-02,-3.73904825955354607673e+00
9.50000045122578740120e-02,-3.74182082196602708453e+00
9.60000045597553253174e-02,-3.74454944743621408426e+00
9.70000046072527766228e-02,-3.74723511859141138387e+00
9.80000046547502279282e-02,-3.74987878747290858121e+00
9.90000047022476792336e-02,-3.75248137678104438822e+00
1.00000004749745130539e-01,-3.75504378105765373834e+00
1.01000004797242581844e-01,-3.75756686780964095185e+00
1.02000004844740033150e-01,-3.76005147857715198850e+00
1.03000004892237484455e-01,-3.76249842994959812856e+00
1.04000004939734935760e-01,-3.76490851453255397606e+00
1.05000004987232387066e-01,-3.76728250186834298023e+00
1.06000005034729838371e-01,-3.76962113931295812329e+00
1.07000005082227289677e-01,-3.77192515287176803737e+00
1.08000005129724740982e-01,-3.77419524799631541647e+00
1.09000005177222192287e-01,-3.77643211034435653329e+00
1.10000005224719643593e-01,-3.77863640650516063261e+00
1.11000005272217094898e-01,-3.78080878469195348461e+00
1.12000005319714546204e-01,-3.78294987540327341119e+00
1.13000005367211997509e-01,-3.78506029205490259729e+00
1.14000005414709448814e-01,-3.78714063158392276725e+00
1.15000005462206900120e-01,-3.78919147502636565199e+00
1.16000005509704351425e-01,-3.79121338806982027532e+00
1.17000005557201802731e-01,-3.79320692158229643602e+00
1.18000005604699254036e-01,-3.79517261211855392927e+00
1.19000005652196705341e-01,-3.79711098240503687105e+00
1.20000005699694156647e-01,-3.79902254180449046230e+00
1.21000005747191607952e-01,-3.80090778676127331068e+00
1.22000005794689059258e-01,-3.80276720122831651057e+00
1.23000005842186510563e-01,-3.80460125707662974318e+00
1.24000005889683961868e-01,-3.80641041448820341355e+00
1.25000005937181413174e-01,-3.80819512233310762108e+00
1.26000005984678864479e-01,-3.80995581853154512576e+00
1.27000006032176315784e-01,-3.81169293040156666858e+00
1.28000006079673767090e-01,-3.81340687499313064912e+00
1.29000006127171218395e-01,-3.81509805940914313777e+00
1.30000006174668669701e-01,-3.81676688111408045551e+00
1.31000006222166121006e-01,-3.81841372823076518847e+00
1.32000006269663572311e-01,-3.82003897982583919056e+00
1.33000006317161023617e-01,-3.82164300618444493238e+00
1.34000006364658474922e-01,-3.82322616907459838977e+00
1.35000006412155926228e-01,-3.82478882200171552163e+00
1.36000006459653377533e-01,-3.82633131045372881091e+00
1.37000006507150828838e-01,-3.82785397213721003589e+00
1.38000006554648280144e-01,-3.82935713720488343564e+00
1.39000006602145731449e-01,-3.83084112847491592142e+00
1.40000006649643182755e-01,-3.83230626164232574611e+00
1.41000006697140634060e-01,-3.83375284548285392527e+00
1.42000006744638085365e-01,-3.83518118204961563585e+00
1.43000006792135536671e-01,-3.83659156686283805298e+00
1.44000006839632987976e-01,-3.83798428909296838693e+00
1.45000006887130439281e-01,-3.83935963173743859708e+00
1.46000006934627890587e-01,-3.84071787179133437374e+00
1.47000006982125341892e-01,-3.84205928041222828195e+00
1.48000007029622793198e-01,-3.84338412307941625556e+00
1.49000007077120244503e-01,-3.84469265974777279853e+00
1.50000007124617695808e-01,-3.84598514499645193106e+00
1.51000007172115147114e-01,-3.84726182817263593662e+00
1.52000007219612598419e-01,-3.84852295353052573307e+00
1.53000007267110049725e-01,-3.84976876036576557837e+00
1.54000007314607501030e-01,-3.85099948314547309205e+00
1.55000007362104952335e-01,-3.85221535163405567285e+00
1.56000007409602403641e-01,-3.85341659101496637968e+00
1.57000007457099854946e-01,-3.85460342200856141909e+00
1.58000007504597306252e-01,-3.85577606098620494115e+00
1.59000007552094757557e-01,-3.85693472008076477489e+00
1.60000007599592208862e-01,-3.85807960729363595568e+00
1.61000007647089660168e-01,-3.85921092659841712081e+00
1.62000007694587111473e-01,-3.86032887804137169450e+00
1.63000007742084562778e-01,-3.86143365783878633420e+00
1.64000007789582014084e-01,-3.86252545847134438352e+00
1.65000007837079465389e-01,-3.86360446877562377106e+00
1.66000007884576916695e-01,-3.86467087403281776121e+00
1.67000007932074368000e-01,-3.86572485605478993048e+00
1.68000007979571819305e-01,-3.86676659326754436504e+00
1.69000008027069270611e-01,-3.86779626079221884680e+00
1.70000008074566721916e-01,-3.86881403052367716625e+00
1.71000008122064173222e-01,-3.86982007120679047754e+00
1.72000008169561624527e-01,-3.87081454851048746752e+00
1.73000008217059075832e-01,-3.87179762509964872749e+00
1.74000008264556527138e-01,-3.87276946070492944139e+00
1.75000008312053978443e-01,-3.87373021219056509474e+00
1.76000008359551429749e-01,-3.87468003362024816967e+00
1.77000008407048881054e-01,-3.87561907632112492231e+00
1.78000008454546332359e-01,-3.87654748894598923472e+00
1.79000008502043783665e-01,-3.87746541753372345402e+00
1.80000008549541234970e-01,-3.87837300556805376667e+00
1.81000008597038686275e-01,-3.87927039403467023180e+00
1.82000008644536137581e-01,-3.88015772147676644283e+00
1.83000008692033588886e-01,-3.88103512404905663007e+00
1.84000008739531040192e-01,-3.88190273557031134168e+00
1.85000008787028491497e-01,-3.88276068757446533842e+00
1.86000008834525942802e-01,-3.88360910936034437304e+00
1.87000008882023394108e-01,-3.88444812804005250198e+00
1.88000008929520845413e-01,-3.88527786858606508915e+00
1.89000008977018296719e-01,-3.88609845387706697209e+00
1.90000009024515748024e-01,-3.88691000474257893483e+00
1.91000009072013199329e-01,-3.88771264000640484550e+00
1.92000009119510650635e-01,-3.88850647652894467854e+00
1.93000009167008101940e-01,-3.88929162924840110560e+00
1.94000009214505553246e-01,-3.89006821122091674711e+00
1.95000009262003004551e-01,-3.89083633365967850753e+00
1.96000009309500455856e-01,-3.89159610597301680590e+00
1.97000009356997907162e-01,-3.89234763580152937751e+00
1.98000009404495358467e-01,-3.89309102905426542961e+00
1.99000009451992809772e-01,-3.89382638994399190397e+00
2.00000009499490261078e-01,-3.89455382102157363858e+00
2.01000009546987712383e-01,-3.89527342320949217691e+00
2.02000009594485163689e-01,-3.89598529583453037574e+00
2.03000009641982614994e-01,-3.89668953665964544887e+00
2.04000009689480066299e-01,-3.89738624191505697103e+00
2.05000009736977517605e-01,-3.89807550632857219676e+00
2.06000009784474968910e-01,-3.89875742315516802682e+00
2.07000009831972420216e-01,-3.89943208420585740791e+00
2.08000009879469871521e-01,-3.90009957987585297100e+00
2.09000009926967322826e-01,-3.90075999917205791393e+00
2.10000009974464774132e-01,-3.90141342973989246391e+00
2.11000010021962225437e-01,-3.90205995788948489041e+00
2.12000010069459676743e-01,-3.90269966862123945006e+00
2.13000010116957128048e-01,-3.90333264565079891394e+00
2.14000010164454579353e-01,-3.90395897143342156949e+00
2.15000010211952030659e-01,-3.90457872718778753788e+00
2.16000010259449481964e-01,-3.90519199291925011479e+00
2.17000010306946933270e-01,-3.90579884744254816203e+00
2.18000010354444384575e-01,-3.90639936840399254903e+00
2.19000010401941835880e-01,-3.90699363230314651195e+00
2.20000010449439287186e-01,-3.90758171451400575561e+00
2.21000010496936738491e-01,-3.90816368930570009923e+00
2.22000010544434189796e-01,-3.90873962986272415680e+00
2.23000010591931641102e-01,-3.90930960830470949777e+00
2.24000010639429092407e-01,-3.90987369570575775727e+00
2.25000010686926543713e-01,-3.91043196211333468843e+00
2.26000010734423995018e-01,-3.91098447656675100490e+00
2.27000010781921446323e-01,-3.91153130711522582959e+00
2.28000010829418897629e-01,-3.91207252083555849704e+00
2.29000010876916348934e-01,-3.91260818384940782261e+00
2.30000010924413800240e-01,-3.91313836134019249154e+00
2.31000010971911251545e-01,-3.91366311756962939302e+00
2.32000011019408702850e-01,-3.91418251589390457429e+00
2.33000011066906154156e-01,-3.91469661877950282289e+00
2.34000011114403605461e-01,-3.91520548781869198339e+00
2.35000011161901056767e-01,-3.91570918374467885755e+00
2.36000011209398508072e-01,-3.91620776644643827811e+00
2.37000011256895959377e-01,-3.91670129498323143016e+00
2.38000011304393410683e-01,-3.91718982759881479794e+00
2.39000011351890861988e-01,-3.91767342173535070807e+00
2.40000011399388313293e-01,-3.91815213404702645476e+00
2.41000011446885764599e-01,-3.91862602041338789613e+00
2.42000011494383215904e-01,-3.91909513595239814335e+00
2.43000011541880667210e-01,-3.91955953503322448972e+00
2.44000011589378118515e-01,-3.92001927128875941506e+00
2.45000011636875569820e-01,-3.92047439762789067842e+00
2.46000011684373021126e-01,-3.92092496624751369791e+00
2.47000011731870472431e-01,-3.92137102864430466551e+00
2.48000011779367923737e-01,-3.92181263562624925884e+00
2.49000011826865375042e-01,-3.92224983732394480505e+00
2.50000011874362826347e-01,-3.92268268320167128971e+00
2.51000011921860277653e-01,-3.92311122206823904585e+00
2.52000011969357728958e-01,-3.92353550208762408172e+00
2.53000012016855180264e-01,-3.92395557078938976895e+00
2.54000012064352631569e-01,-3.92437147507890053059e+00
2.55000012111850082874e-01,-3.92478326124733895995e+00
2.56000012159347534180e-01,-3.92519097498151901967e+00
2.57000012206844985485e-01,-3.92559466137351538461e+00
2.58000012254342436790e-01,-3.92599436493009684625e+00
2.59000012301839888096e-01,-3.92639012958198362763e+00
2.60000012349337339401e-01,-3.92678199869292130961e+00
2.61000012396834790707e-01,-3.92717001506858058774e+00
2.62000012444332242012e-01,-3.92755422096528842603e+00
2.63000012491829693317e-01,-3.92793465809858798510e+00
2.64000012539327144623e-01,-3.92831136765164254474e+00
2.65000012586824595928e-01,-3.92868439028347099756e+00
2.66000012634322047234e-01,-3.92905376613703413431e+00
2.67000012681819498539e-01,-3.92941953484716719760e+00
2.68000012729316949844e-01,-3.92978173554836214933e+00
2.69000012776814401150e-01,-3.93014040688240814795e+00
2.70000012824311852455e-01,-3.93049558700588084299e+00
2.71000012871809303761e-01,-3.93084731359750693476e+00
2.72000012919306755066e-01,-3.93119562386537812235e+00
2.73000012966804206371e-01,-3.93154055455404346630e+00
2.74000013014301657677e-01,-3.93188214195146163474e+00
2.75000013061799108982e-01,-3.93222042189583592588e+00
2.76000013109296560287e-01,-3.93255542978231880540e+00
2.77000013156794011593e-01,-3.93288720056959414115e+00
2.78000013204291462898e-01,-3.93321576878634530331e+00
2.79000013251788914204e-01,-3.93354116853760136987e+00
2.80000013299286365509e-01,-3.93386343351097281934e+00
2.81000013346783816814e-01,-3.93418259698277461177e+00
2.82000013394281268120e-01,-3.93449869182403968006e+00
2.83000013441778719425e-01,-3.93481175050642764278e+00
2.84000013489276170731e-01,-3.93512180510802365833e+00
2.85000013536773622036e-01,-3.93542888731904350400e+00
2.86000013584271073341e-01,-3.93573302844743044934e+00
2.87000013631768524647e-01,-3.93603425942435775097e+00
2.88000013679265975952e-01,-3.93633261080963578016e+00
2.89000013726763427258e-01,-3.93662811279702178589e+00
2.90000013774260878563e-01,-3.93692079521944264054e+00
2.91000013821758329868e-01,-3.93721068755412133820e+00
2.92000013869255781174e-01,-3.93749781892762092876e+00
2.93000013916753232479e-01,-3.93778221812079935022e+00
2.94000013964250683784e-01,-3.93806391357367694067e+00
2.95000014011748135090e-01,-3.93834293339022868609e+00
2.96000014059245586395e-01,-3.93861930534308356559e+00
2.97000014106743037701e-01,-3.93889305687815828735e+00
2.98000014154240489006e-01,-3.93916421511919922398e+00
2.99000014201737940311e-01,-3.93943280687225760839e+00
3.00000014249235391617e-01,-3.93969885863008641353e+00
3.01000014296732842922e-01,-3.93996239657646229863e+00
3.02000014344230294228e-01,-3.94022344659043946948e+00
3.03000014391727745533e-01,-3.94048203425052777208e+00
3.04000014439225196838e-01,-3.94073818483880874194e+00
3.05000014486722648144e-01,-3.94099192334497520841e+00
3.06000014534220099449e-01,-3.94124327447031192850e+00
3.07000014581717550755e-01,-3.94149226263160942503e+00
3.08000014629215002060e-01,-3.94173891196500720733e+00
3.09000014676712453365e-01,-3.94198324632978768390e+00
3.10000014724209904671e-01,-3.94222528931209529137e+00
3.11000014771707355976e-01,-3.94246506422860335949e+00
3.12000014819204807281e-01,-3.94270259413011844190e+00
3.13000014866702258587e-01,-3.94293790180512964891e+00
3.14000014914199709892e-01,-3.94317100978329965004e+00
3.15000014961697161198e-01,-3.94340194033889746938e+00
3.16000015009194612503e-01,-3.94363071549418218922e+00
3.17000015056692063808e-01,-3.94385735702272673770e+00
3.18000015104189515114e-01,-3.94408188645269565799e+00
3.19000015151686966419e-01,-3.94430432507006564270e+00
3.20000015199184417725e-01,-3.94452469392179689623e+00
3.21000015246681869030e-01,-3.94474301381896053130e+00
3.22000015294179320335e-01,-3.94495930533980480241e+00
3.23000015341676771641e-01,-3.94517358883278897500e+00
3.24000015389174222946e-01,-3.94538588441955525221e+00
3.25000015436671674252e-01,-3.94559621199786691829e+00
3.26000015484169125557e-01,-3.94580459124449277331e+00
3.27000015531666576862e-01,-3.94601104161805106259e+00
3.28000015579164028168e-01,-3.94621558236181213726e+00
3.29000015626661479473e-01,-3.94641823250644952110e+00
3.30000015674158930779e-01,-3.94661901087276080990e+00
3.31000015721656382084e-01,-3.94681793607433790017e+00
3.32000015769153833389e-01,-3.94701502652020041030e+00
3.33000015816651284695e-01,-3.94721030041739043758e+00
3.34000015864148736000e-01,-3.94740377577352476797e+00
3.35000015911646187305e-01,-3.94759547039931416599e+00
3.36000015959143638611e-01,-3.94778540191103756505e+00
3.37000016006641089916e-01,-3.94797358773298672375e+00
3.38000016054138541222e-01,-3.94816004509986945683e+00
3.39000016101635992527e-01,-3.94834479105917971462e+00
3.40000016149133443832e-01,-3.94852784247353184692e+00
3.41000016196630895138e-01,-3.94870921602295901396e+00
3.42000016244128346443e-01,-3.94888892820718237129e+00
3.43000016291625797749e-01,-3.94906699534784063135e+00
3.44000016339123249054e-01,-3.94924343359069026293e+00
3.45000016386620700359e-01,-3.94941825890777695055e+00
3.46000016434118151665e-01,-3.94959148709956680309e+00
3.47000016481615602970e-01,-3.94976313379705767405e+00
3.48000016529113054276e-01,-3.94993321446384762583e+00
3.49000016576610505581e-01,-3.95010174439818698817e+00
3.50000016624107956886e-01,-3.95026873873498724572e+00
3.51000016671605408192e-01,-3.95043421244781325290e+00
3.52000016719102859497e-01,-3.95059818035084004545e+00
3.53000016766600310802e-01,-3.95076065710077909982e+00
3.54000016814097762108e-01,-3.95092165719878779160e+00
3.55000016861595213413e-01,-3.95108119499234046088e+00
3.56000016909092664719e-01,-3.95123928467708023611e+00
3.57000016956590116024e-01,-3.95139594029864119778e+00
3.58000017004087567329e-01,-3.95155117575444507104e+00
3.59000017051585018635e-01,-3.95170500479547769871e+00
3.60000017099082469940e-01,-3.95185744102802996407e+00
3.61000017146579921246e-01,-3.95200849791542758701e+00
3.62000017194077372551e-01,-3.95215818877972655042e+00
3.63000017241574823856e-01,-3.95230652680338896926e+00
3.64000017289072275162e-01,-3.95245352503093604069e+00
3.65000017336569726467e-01,-3.95259919637057778336e+00
3.66000017384067177773e-01,-3.95274355359581959848e+00
3.67000017431564629078e-01,-3.95288660934704672760e+00
3.68000017479062080383e-01,-3.95302837613308906167e+00
3.69000017526559531689e-01,-3.95316886633276181663e+00
3.70000017574056982994e-01,-3.95330809219638519276e+00
3.71000017621554434299e-01,-3.95344606584728757511e+00
3.72000017669051885605e-01,-3.95358279928328250038e+00
3.73000017716549336910e-01,-3.95371830437813230738e+00
3.74000017764046788216e-01,-3.95385259288297989276e+00
3.75000017811544239521e-01,-3.95398567642778009899e+00
3.76000017859041690826e-01,-3.95411756652269354064e+00
3.77000017906539142132e-01,-3.95424827455947123091e+00
3.78000017954036593437e-01,-3.95437781181282158212e+00
3.79000018001534044743e-01,-3.95450618944175088577e+00
3.80000018049031496048e-01,-3.95463341849089983020e+00
3.81000018096528947353e-01,-3.95475950989184416614e+00
3.82000018144026398659e-01,-3.95488447446439626821e+00
3.83000018191523849964e-01,-3.95500832291787599374e+00
3.84000018239021301270e-01,-3.95513106585237167370e+00
3.85000018286518752575e-01,-3.95525271375998515233e+00
3.86000018334016203880e-01,-3.95537327702605326601e+00
3.87000018381513655186e-01,-3.95549276593036424634e+00
3.88000018429011106491e-01,-3.95561119064834642634e+00
3.89000018476508557796e-01,-3.95572856125225168992e+00
3.90000018524006009102e-01,-3.95584488771231672431e+00
3.91000018571503460407e-01,-3.95596017989791343757e+00
3.92000018619000911713e-01,-3.95607444757868195935e+00
3.93000018666498363018e-01,-3.95618770042564751876e+00
3.94000018713995814323e-01,-3.95629994801233049028e+00
3.95000018761493265629e-01,-3.95641119981583210745e+00
3.96000018808990716934e-01,-3.95652146521791307104e+00
3.97000018856488168240e-01,-3.95663075350605696013e+00
3.98000018903985619545e-01,-3.95673907387451828394e+00
3.99000018951483070850e-01,-3.95684643542536012119e+00
4.00000018998980522156e-01,-3.95695284716947463170e+00
4.01000019046477973461e-01,-3.95705831802759540761e+00
4.02000019093975424767e-01,-3.95716285683129199687e+00
4.03000019141472876072e-01,-3.95726647232395668374e+00
4.04000019188970327377e-01,-3.95736917316177602981e+00
4.05000019236467778683e-01,-3.95747096791468918643e+00
4.06000019283965229988e-01,-3.95757186506733759507e+00
4.07000019331462681293e-01,-3.95767187302000185336e+00
4.08000019378960132599e-01,-3.95777100008952332057e+00
4.09000019426457583904e-01,-3.95786925451021878329e+00
4.10000019473955035210e-01,-3.95796664443478170650e+00
4.11000019521452486515e-01,-3.95806317793517320426e+00
4.12000019568949937820e-01,-3.95815886300349954936e+00
4.13000019616447389126e-01,-3.95825370755288347547e+00
4.14000019663944840431e-01,-3.95834771941831899101e+00
4.15000019711442291737e-01,-3.95844090635752069319e+00
4.16000019758939743042e-01,-3.95853327605176028058e+00
4.17000019806437194347e-01,-3.95862483610669113913e+00
4.18000019853934645653e-01,-3.95871559405317058962e+00
4.19000019901432096958e-01,-3.95880555734805846609e+00
4.20000019948929548264e-01,-3.95889473337502120201e+00
4.21000019996426999569e-01,-3.95898312944531290038e+00
4.22000020043924450874e-01,-3.95907075279855808956e+00
4.23000020091421902180e-01,-3.95915761060351701923e+00
4.24000020138919353485e-01,-3.95924370995884384217e+00
4.25000020186416804790e-01,-3.95932905789383975505e+00
4.26000020233914256096e-01,-3.95941366136918941913e+00
4.27000020281411707401e-01,-3.95949752727769719186e+00
4.28000020328909158707e-01,-3.95958066244500727021e+00
4.29000020376406610012e-01,-3.95966307363031933420e+00
4.30000020423904061317e-01,-3.95974476752709408619e+00
4.31000020471401512623e-01,-3.95982575076375110977e+00
4.32000020518898963928e-01,-3.95990602990435840570e+00
4.33000020566396415234e-01,-3.95998561144931373072e+00
4.34000020613893866539e-01,-3.96006450183601513759e+00
4.35000020661391317844e-01,-3.96014270743953013731e+00
4.36000020708888769150e-01,-3.96022023457325004548e+00
4.37000020756386220455e-01,-3.96029708948954163898e+00
4.38000020803883671761e-01,-3.96037327838038535096e+00
4.39000020851381123066e-01,-3.96044880737801493001e+00
4.40000020898878574371e-01,-3.96052368255554033917e+00
4.41000020946376025677e-01,-3.96059790992756961163e+00
4.42000020993873476982e-01,-3.96067149545081882201e+00
4.43000021041370928288e-01,-3.96074444502472047661e+00
4.44000021088868379593e-01,-3.96081676449202140346e+00
4.45000021136365830898e-01,-3.96088845963937060020e+00
4.46000021183863282204e-01,-3.96095953619790899477e+00
4.47000021231360733509e-01,-3.96102999984384225997e+00
4.48000021278858184814e-01,-3.96109985619901575375e+00
4.49000021326355636120e-01,-3.96116911083147703841e+00
4.50000021373853087425e-01,-3.96123776925603438980e+00
4.51000021421350538731e-01,-3.96130583693480981737e+00
4.52000021468847990036e-01,-3.96137331927778068479e+00
4.53000021516345441341e-01,-3.96144022164332441807e+00
4.54000021563842892647e-01,-3.96150654933874598490e+00
4.55000021611340343952e-01,-3.96157230762080784397e+00
4.56000021658837795258e-01,-3.96163750169625165898e+00
4.57000021706335246563e-01,-3.96170213672230899600e+00
4.58000021753832697868e-01,-3.96176621780721642942e+00
4.59000021801330149174e-01,-3.96182975001071537198e+00
4.60000021848827600479e-01,-3.96189273834454960279e+00
4.61000021896325051785e-01,-3.96195518777295899236e+00
4.62000021943822503090e-01,-3.96201710321316584690e+00
4.63000021991319954395e-01,-3.96207848953585597463e+00
4.64000022038817405701e-01,-3.96213935156565209145e+00
4.65000022086314857006e-01,-3.96219969408158905876e+00
4.66000022133812308311e-01,-3.96225952181757507626e+00
4.67000022181309759617e-01,-3.96231883946285321310e+00
4.68000022228807210922e-01,-3.96237765166245599065e+00
4.69000022276304662228e-01,-3.96243596301765554522e+00
4.70000022323802113533e-01,-3.96249377808640862323e+00
4.71000022371299564838e-01,-3.96255110138379439545e+00
4.72000022418797016144e-01,-3.96260793738245345420e+00
4.73000022466294467449e-01,-3.96266429051301521643e+00
4.74000022513791918755e-01,-3.96272016516452247974e+00
4.75000022561289370060e-01,-3.96277556568485740890e+00
4.76000022608786821365e-01,-3.96283049638114980885e+00
4.77000022656284272671e-01,-3.96288496152019656372e+00
4.78000022703781723976e-01,-3.96293896532886304792e+00
4.79000022751279175282e-01,-3.96299251199449000904e+00
4.80000022798776626587e-01,-3.96304560566528879290e+00
4.81000022846274077892e-01,-3.96309825045073503276e+00
4.82000022893771529198e-01,-3.96315045042196344356e+00
4.83000022941268980503e-01,-3.96320220961214558569e+00
4.84000022988766431808e-01,-3.96325353201687857426e+00
4.85000023036263883114e-01,-3.96330442159455642397e+00
4.86000023083761334419e-01,-3.96335488226674527174e+00
4.87000023131258785725e-01,-3.96340491791855321934e+00
4.88000023178756237030e-01,-3.96345453239899397782e+00
4.89000023226253688335e-01,-3.96350372952134992303e+00
4.90000023273751139641e-01,-3.96355251306352475535e+00
4.91000023321248590946e-01,-3.96360088676840471790e+00
4.92000023368746042252e-01,-3.96364885434419962043e+00
4.93000023416243493557e-01,-3.96369641946479490881e+00
4.94000023463740944862e-01,-3.96374358577009050552e+00
4.95000023511238396168e-01,-3.96379035686634112858e+00
4.96000023558735847473e-01,-3.96383673632649123674e+00
4.97000023606233298779e-01,-3.96388272769050287723e+00
4.98000023653730750084e-01,-3.96392833446568956216e+00
4.99000023701228201389e-01,-3.96397356012703618597e+00
5.00000023748725652695e-01,-3.96401840811752026049e+00
5.01000023796223104000e-01,-3.96406288184843215872e+00
5.02000023843720555305e-01,-3.96410698469968496337e+00
5.03000023891218006611e-01,-3.96415072002013110244e+00
5.04000023938715457916e-01,-3.96419409112786470307e+00
5.05000023986212909222e-01,-3.96423710131052863133e+00
5.06000024033710360527e-01,-3.96427975382561525747e+00
5.07000024081207811832e-01,-3.96432205190076450961e+00
5.08000024128705263138e-01,-3.96436399873405792798e+00
5.09000024176202714443e-01,-3.96440559749431232182e+00
5.10000024223700165749e-01,-3.96444685132136706335e+00
5.11000024271197617054e-01,-3.96448776332636994681e+00
5.12000024318695068359e-01,-3.96452833659206122863e+00
5.13000024366192519665e-01,-3.96456857417305184605e+00
5.14000024413689970970e-01,-3.96460847909610190963e+00
5.15000024461187422276e-01,-3.96464805436039344384e+00
5.16000024508684873581e-01,-3.96468730293780417546e+00
5.17000024556182324886e-01,-3.96472622777317291868e+00
5.18000024603679776192e-01,-3.96476483178456653327e+00
5.19000024651177227497e-01,-3.96480311786354376277e+00
5.20000024698674678802e-01,-3.96484108887541461140e+00
5.21000024746172130108e-01,-3.96487874765949801928e+00
5.22000024793669581413e-01,-3.96491609702937811686e+00
5.23000024841167032719e-01,-3.96495313977315427443e+00
5.24000024888664484024e-01,-3.96498987865369369676e+00
5.25000024936161935329e-01,-3.96502631640887650112e+00
5.26000024983659386635e-01,-3.96506245575184111131e+00
5.27000025031156837940e-01,-3.96509829937122703107e+00
5.28000025078654289246e-01,-3.96513384993141362596e+00
5.29000025126151740551e-01,-3.96516911007275958938e+00
5.30000025173649191856e-01,-3.96520408241183546145e+00
5.31000025221146643162e-01,-3.96523876954165688810e+00
5.32000025268644094467e-01,-3.96527317403191635549e+00
5.33000025316141545773e-01,-3.96530729842920967782e+00
5.34000025363638997078e-01,-3.96534114525726170291e+00
5.35000025411136448383e-01,-3.96537471701715176311e+00
5.36000025458633899689e-01,-3.96540801618753182786e+00
5.37000025506131350994e-01,-3.96544104522484632718e+00
5.38000025553628802299e-01,-3.96547380656355087820e+00
5.39000025601126253605e-01,-3.96550630261632448543e+00
5.40000025648623704910e-01,-3.96553853577428328967e+00
5.41000025696121156216e-01,-3.96557050840718973146e+00
5.42000025743618607521e-01,-3.96560222286366383191e+00
5.43000025791116058826e-01,-3.96563368147138587067e+00
5.44000025838613510132e-01,-3.96566488653730218504e+00
5.45000025886110961437e-01,-3.96569584034782696082e+00
5.46000025933608412743e-01,-3.96572654516904266617e+00
5.47000025981105864048e-01,-3.96575700324689795579e+00
5.48000026028603315353e-01,-3.96578721680740549078e+00
5.49000026076100766659e-01,-3.96581718805683315632e+00
5.50000026123598217964e-01,-3.96584691918189985189e+00
5.51000026171095669270e-01,-3.96587641234996350929e+00
5.52000026218593120575e-01,-3.96590566970921058624e+00
5.53000026266090571880e-01,-3.96593469338884366975e+00
5.54000026313588023186e-01,-3.96596348549926573917e+00
5.55000026361085474491e-01,-3.96599204813226478643e+00
5.56000026408582925797e-01,-3.96602038336119242607e+00
5.57000026456080377102e-01,-3.96604849324114685648e+00
5.58000026503577828407e-01,-3.96607637980914812248e+00
5.59000026551075279713e-01,-3.96610404508431531843e+00
5.60000026598572731018e-01,-3.96613149106804281597e+00
5.61000026646070182323e-01,-3.96615871974417154907e+00
5.62000026693567633629e-01,-3.96618573307916034250e+00
5.63000026741065084934e-01,-3.96621253302225582060e+00
5.64000026788562536240e-01,-3.96623912150566067508e+00
5.65000026836059987545e-01,-3.96626550044469929871e+00
5.66000026883557438850e-01,-3.96629167173798408098e+00
5.67000026931054890156e-01,-3.96631763726757633707e+00
5.68000026978552341461e-01,-3.96634339889915148603e+00
5.69000027026049792767e-01,-3.96636895848215483788e+00
5.70000027073547244072e-01,-3.96639431784996447845e+00
5.71000027121044695377e-01,-3.96641947882004579926e+00
5.72000027168542146683e-01,-3.96644444319410810289e+00
5.73000027216039597988e-01,-3.96646921275825949603e+00
5.74000027263537049294e-01,-3.96649378928315958048e+00
5.75000027311034500599e-01,-3.96651817452416916455e+00
5.76000027358531951904e-01,-3.96654237022150269257e+00
5.77000027406029403210e-01,-3.96656637810037516773e+00
5.78000027453526854515e-01,-3.96659019987115028924e+00
5.79000027501024305820e-01,-3.96661383722948594809e+00
5.80000027548521757126e-01,-3.96663729185647865065e+00
5.81000027596019208431e-01,-3.96666056541880820063e+00
5.82000027643516659737e-01,-3.96668365956887795931e+00
5.83000027691014111042e-01,-3.96670657594495591064e+00
5.84000027738511562347e-01,-3.96672931617131421431e+00
5.85000027786009013653e-01,-3.96675188185836752092e+00
5.86000027833506464958e-01,-3.96677427460280847792e+00
5.87000027881003916264e-01,-3.96679649598774679699e+00
5.88000027928501367569e-01,-3.96681854758283918938e+00
5.89000027975998818874e-01,-3.96684043094442554626e+00
5.90000028023496270180e-01,-3.96686214761566026117e+00
5.91000028070993721485e-01,-3.96688369912664267215e+00
5.92000028118491172791e-01,-3.96690508699454611082e+00
5.93000028165988624096e-01,-3.96692631272374988580e+00
5.94000028213486075401e-01,-3.96694737780596184528e+00
5.95000028260983526707e-01,-3.96696828372034820172e+00
5.96000028308480978012e-01,-3.96698903193365664784e+00
5.97000028355978429317e-01,-3.96700962390034221616e+00
5.98000028403475880623e-01,-3.96703006106268913885e+00
5.99000028450973331928e-01,-3.96705034485093140811e+00
6.00000028498470783234e-01,-3.96707047668337891232e+00
6.01000028545968234539e-01,-3.96709045796653001696e+00
6.02000028593465685844e-01,-3.96711029009519603968e+00
6.03000028640963137150e-01,-3.96712997445261656804e+00
6.04000028688460588455e-01,-3.96714951241057741456e+00
6.05000028735958039761e-01,-3.96716890532952405754e+00
6.06000028783455491066e-01,-3.96718815455868167017e+00
6.07000028830952942371e-01,-3.96720726143616288836e+00
6.08000028878450393677e-01,-3.96722622728908469458e+00
6.09000028925947844982e-01,-3.96724505343367945306e+00
6.10000028973445296288e-01,-3.96726374117540564923e+00
6.11000029020942747593e-01,-3.96728229180905836155e+00
6.12000029068440198898e-01,-3.96730070661887892288e+00
6.13000029115937650204e-01,-3.96731898687866237053e+00
6.14000029163435101509e-01,-3.96733713385186665800e+00
6.15000029210932552814e-01,-3.96735514879171655557e+00
6.16000029258430004120e-01,-3.96737303294131161534e+00
6.17000029305927455425e-01,-3.96739078753373170362e+00
6.18000029353424906731e-01,-3.96740841379213836598e+00
6.19000029400922358036e-01,-3.96742591292988234760e+00
6.20000029448419809341e-01,-3.96744328615060210018e+00
6.21000029495917260647e-01,-3.96746053464832761971e+00
6.22000029543414711952e-01,-3.96747765960757986753e+00
6.23000029590912163258e-01,-3.96749466220347300001e+00
6.24000029638409614563e-01,-3.96751154360181277161e+00
6.25000029685907065868e-01,-3.96752830495919399443e+00
6.26000029733404517174e-01,-3.96754494742310175959e+00
6.27000029780901968479e-01,-3.96756147213200415880e+00
6.28000029828399419785e-01,-3.96757788021545318912e+00
6.29000029875896871090e-01,-3.96759417279417745685e+00
6.30000029923394322395e-01,-3.96761035098017811849e+00
6.31000029970891773701e-01,-3.96762641587682338747e+00
6.32000030018389225006e-01,-3.96764236857894429062e+00
6.33000030065886676311e-01,-3.96765821017292364585e+00
6.34000030113384127617e-01,-3.96767394173679195440e+00
6.35000030160881578922e-01,-3.96768956434031773439e+00
6.36000030208379030228e-01,-3.96770507904509884579e+00
6.37000030255876481533e-01,-3.96772048690465273658e+00
6.38000030303373932838e-01,-3.96773578896450712802e+00
6.39000030350871384144e-01,-3.96775098626229056459e+00
6.40000030398368835449e-01,-3.96776607982781735870e+00
6.41000030445866286755e-01,-3.96778107068317877483e+00
6.42000030493363738060e-01,-3.96779595984283047394e+00
6.43000030540861189365e-01,-3.96781074831367924880e+00
6.44000030588358640671e-01,-3.96782543709516812860e+00
6.45000030635856091976e-01,-3.96784002717936634306e+00
6.46000030683353543282e-01,-3.96785451955104937600e+00
6.47000030730850994587e-01,-3.96786891518778883875e+00
6.48000030778348445892e-01,-3.96788321506003304568e+00
6.49000030825845897198e-01,-3.96789742013119439094e+00
6.50000030873343348503e-01,-3.96791153135772988575e+00
6.51000030920840799809e-01,-3.96792554968922669056e+00
6.52000030968338251114e-01,-3.96793947606848488164e+00
6.53000031015835702419e-01,-3.96795331143159709882e+00
6.54000031063333153725e-01,-3.96796705670803106082e+00
6.55000031110830605030e-01,-3.96798071282071216736e+00
6.56000031158328056335e-01,-3.96799428068610333270e+00
6.57000031205825507641e-01,-3.96800776121428650130e+00
6.58000031253322958946e-01,-3.96802115530904268674e+00
6.59000031300820410252e-01,-3.96803446386792956217e+00
6.60000031348317861557e-01,-3.96804768778236237824e+00
6.61000031395815312862e-01,-3.96806082793769344746e+00
6.62000031443312764168e-01,-3.96807388521329050296e+00
6.63000031490810215473e-01,-3.96808686048261458458e+00
6.64000031538307666779e-01,-3.96809975461329811201e+00
6.65000031585805118084e-01,-3.96811256846722448322e+00
6.66000031633302569389e-01,-3.96812530290060135572e+00
6.67000031680800020695e-01,-3.96813795876404167852e+00
6.68000031728297472000e-01,-3.96815053690263810503e+00
6.69000031775794923306e-01,-3.96816303815604094589e+00
6.70000031823292374611e-01,-3.96817546335853410500e+00
6.71000031870789825916e-01,-3.96818781333911163893e+00
6.72000031918287277222e-01,-3.96820008892155263124e+00
6.73000031965784728527e-01,-3.96821229092449772138e+00
6.74000032013282179832e-01,-3.96822442016152296222e+00
6.75000032060779631138e-01,-3.96823647744121772436e+00
6.76000032108277082443e-01,-3.96824846356725624737e+00
6.77000032155774533749e-01,-3.96826037933847665514e+00
6.78000032203271985054e-01,-3.96827222554895329238e+00
6.79000032250769436359e-01,-3.96828400298807115005e+00
6.80000032298266887665e-01,-3.96829571244060141065e+00
6.81000032345764338970e-01,-3.96830735468677437187e+00
6.82000032393261790276e-01,-3.96831893050235522818e+00
6.83000032440759241581e-01,-3.96833044065871690803e+00
6.84000032488256692886e-01,-3.96834188592291790387e+00
6.85000032535754144192e-01,-3.96835326705776954173e+00
6.86000032583251595497e-01,-3.96836458482191589800e+00
6.87000032630749046803e-01,-3.96837583996990491135e+00
6.88000032678246498108e-01,-3.96838703325226318424e+00
6.89000032725743949413e-01,-3.96839816541557138590e+00
6.90000032773241400719e-01,-3.96840923720253392149e+00
6.91000032820738852024e-01,-3.96842024935205908991e+00
6.92000032868236303329e-01,-3.96843120259932753365e+00
6.93000032915733754635e-01,-3.96844209767586910721e+00
6.94000032963231205940e-01,-3.96845293530963689837e+00
6.95000033010728657246e-01,-3.96846371622508122586e+00
6.96000033058226108551e-01,-3.96847444114322218727e+00
6.97000033105723559856e-01,-3.96848511078172907140e+00
6.98000033153221011162e-01,-3.96849572585499008742e+00
6.99000033200718462467e-01,-3.96850628707418824821e+00
7.00000033248215913773e-01,-3.96851679514737880989e+00
7.01000033295713365078e-01,-3.96852725077956170916e+00
7.02000033343210816383e-01,-3.96853765467275736980e+00
7.03000033390708267689e-01,-3.96854800752608486152e+00
7.04000033438205718994e-01,-3.96855831003583432400e+00
7.05000033485703170300e-01,-3.96856856289554395267e+00
7.06000033533200621605e-01,-3.96857876679607868308e+00
7.07000033580698072910e-01,-3.96858892242570463296e+00
7.08000033628195524216e-01,-3.96859903047016598140e+00
7.09000033675692975521e-01,-3.96860909161276398252e+00
7.10000033723190426826e-01,-3.96861910653443514664e+00
7.11000033770687878132e-01,-3.96862907591382706846e+00
7.12000033818185329437e-01,-3.96863900042737909567e+00
7.13000033865682780743e-01,-3.96864888074939840996e+00
7.14000033913180232048e-01,-3.96865871755214370668e+00
7.15000033960677683353e-01,-3.96866851150590241467e+00
7.16000034008175134659e-01,-3.96867826327907291441e+00
7.17000034055672585964e-01,-3.96868797353824334976e+00
7.18000034103170037270e-01,-3.96869764294827397652e+00
7.19000034150667488575e-01,-3.96870727217238040735e+00
7.20000034198164939880e-01,-3.96871686187221583324e+00
7.21000034245662391186e-01,-3.96872641270795378007e+00
7.22000034293159842491e-01,-3.96873592533837300463e+00
7.23000034340657293797e-01,-3.96874540042094380889e+00
7.24000034388154745102e-01,-3.96875483861190984989e+00
7.25000034435652196407e-01,-3.96876424056637652207e+00
7.26000034483149647713e-01,-3.96877360693839768184e+00
7.27000034530647099018e-01,-3.96878293838106389608e+00
7.28000034578144550323e-01,-3.96879223554659025077e+00
7.29000034625642001629e-01,-3.96880149908640898824e+00
7.30000034673139452934e-01,-3.96881072965125571996e+00
7.31000034720636904240e-01,-3.96881992789126294345e+00
7.32000034768134355545e-01,-3.96882909445605286543e+00
7.33000034815631806850e-01,-3.96883822999483035394e+00
7.34000034863129258156e-01,-3.96884733515647767895e+00
7.35000034910626709461e-01,-3.96885641058964986358e+00
7.36000034958124160767e-01,-3.96886545694287233305e+00
7.37000035005621612072e-01,-3.96887447486463801425e+00
7.38000035053119063377e-01,-3.96888346500350597409e+00
7.39000035100616514683e-01,-3.96889242800820418126e+00
7.40000035148113965988e-01,-3.96890136452772847872e+00
7.41000035195611417294e-01,-3.96891027521144701385e+00
7.42000035243108868599e-01,-3.96891916070920687250e+00
7.43000035290606319904e-01,-3.96892802167143701015e+00
7.44000035338103771210e-01,-3.96893685874925510938e+00
7.45000035385601222515e-01,-3.96894567259458063736e+00
7.46000035433098673820e-01,-3.96895446386024217784e+00
7.47000035480596125126e-01,-3.96896323320009191088e+00
7.48000035528093576431e-01,-3.96897198126911699497e+00
7.49000035575591027737e-01,-3.96898070872355958338e+00
7.50000035623088479042e-01,-3.96898941622103079599e+00
7.51000035670585930347e-01,-3.96899810442062973164e+00
7.52000035718083381653e-01,-3.96900677398306922419e+00
7.53000035765580832958e-01,-3.96901542557079564958e+00
7.54000035813078284264e-01,-3.96902405984811512620e+00
7.55000035860575735569e-01,-3.96903267748132585120e+00
7.56000035908073186874e-01,-3.96904127913884123167e+00
7.57000035955570638180e-01,-3.96904986549132547603e+00
7.58000036003068089485e-01,-3.96905843721182930816e+00
7.59000036050565540791e-01,-3.96906699497592650163e+00
7.60000036098062992096e-01,-3.96907553946185309734e+00
7.61000036145560443401e-01,-3.96908407135064893699e+00
7.62000036193057894707e-01,-3.96909259132630712276e+00
7.63000036240555346012e-01,-3.96910110007591566419e+00
7.64000036288052797318e-01,-3.96910959828981249370e+00
7.65000036335550248623e-01,-3.96911808666173860564e+00
7.66000036383047699928e-01,-3.96912656588899419720e+00
7.67000036430545151234e-01,-3.96913503667259814954e+00
7.68000036478042602539e-01,-3.96914349971745498177e+00
7.69000036525540053844e-01,-3.96915195573251667542e+00
7.70000036573037505150e-01,-3.96916040543095617892e+00
7.71000036620534956455e-01,-3.96916884953034120129e+00
7.72000036668032407761e-01,-3.96917728875281000710e+00
7.73000036715529859066e-01,-3.96918572382525532442e+00
7.74000036763027310371e-01,-3.96919415547950739723e+00
7.75000036810524761677e-01,-3.96920258445252836766e+00
7.76000036858022212982e-01,-3.96921101148660069691e+00
7.77000036905519664288e-01,-3.96921943732952841244e+00
7.78000036953017115593e-01,-3.96922786273484046117e+00
7.79000037000514566898e-01,-3.96923628846199674216e+00
7.80000037048012018204e-01,-3.96924471527660215260e+00
7.81000037095509469509e-01,-3.96925314395062565779e+00
7.82000037143006920815e-01,-3.96926157526261951013e+00
7.83000037190504372120e-01,-3.96927000999794850475e+00
7.84000037238001823425e-01,-3.96927844894902630149e+00
7.85000037285499274731e-01,-3.96928689291555317296e+00
7.86000037332996726036e-01,-3.96929534270476216604e+00
7.87000037380494177341e-01,-3.96930379913166803151e+00
7.88000037427991628647e-01,-3.96931226301933145584e+00
7.89000037475489079952e-01,-3.96932073519911828713e+00
7.90000037522986531258e-01,-3.96932921651097269169e+00
7.91000037570483982563e-01,-3.96933770780369551555e+00
7.92000037617981433868e-01,-3.96934620993523173352e+00
7.93000037665478885174e-01,-3.96935472377296146300e+00
7.94000037712976336479e-01,-3.96936325019400533792e+00
7.95000037760473787785e-01,-3.96937179008552839610e+00
7.96000037807971239090e-01,-3.96938034434506155606e+00
7.97000037855468690395e-01,-3.96938891388082668618e+00
7.98000037902966141701e-01,-3.96939749961207246731e+00
7.99000037950463593006e-01,-3.96940610246941897525e+00
8.00000037997961044312e-01,-3.96941472339521404431e+00
8.01000038045458495617e-01,-3.96942336334389410022e+00
8.02000038092955946922e-01,-3.96943202328236017812e+00
8.03000038140453398228e-01,-3.96944070419036520504e+00
8.04000038187950849533e-01,-3.96944940706090931989e+00
8.05000038235448300838e-01,-3.96945813290064690297e+00
8.06000038282945752144e-01,-3.96946688273030716420e+00
8.07000038330443203449e-01,-3.96947565758513078236e+00
8.08000038377940654755e-01,-3.96948445851530773735e+00
8.09000038425438106060e-01,-3.96949328658644169654e+00
8.10000038472935557365e-01,-3.96950214288001910329e+00
8.11000038520433008671e-01,-3.96951102849389913249e+00
8.12000038567930459976e-01,-3.96951994454281185953e+00
8.13000038615427911282e-01,-3.96952889215887993893e+00
8.14000038662925362587e-01,-3.96953787249214755471e+00
8.15000038710422813892e-01,-3.96954688671113118011e+00
8.16000038757920265198e-01,-3.96955593600338850642e+00
8.17000038805417716503e-01,-3.96956502157610203866e+00
8.18000038852915167809e-01,-3.96957414465668336715e+00
8.19000038900412619114e-01,-3.96958330649339527561e+00
8.20000038947910070419e-01,-3.96959250835599880341e+00
8.21000038995407521725e-01,-3.96960175153641242661e+00
8.22000039042904973030e-01,-3.96961103734940051659e+00
8.23000039090402424335e-01,-3.96962036713328354667e+00
8.24000039137899875641e-01,-3.96962974225066717515e+00
8.25000039185397326946e-01,-3.96963916408920038667e+00
8.26000039232894778252e-01,-3.96964863406236165982e+00
8.27000039280392229557e-01,-3.96965815361026032565e+00
8.28000039327889680862e-01,-3.96966772420047834483e+00
8.29000039375387132168e-01,-3.96967734732893424271e+00
8.30000039422884583473e-01,-3.96968702452077820209e+00
8.31000039470382034779e-01,-3.96969675733131799008e+00
8.32000039517879486084e-01,-3.96970654734697766326e+00
8.33000039565376937389e-01,-3.96971639618629438444e+00
8.34000039612874388695e-01,-3.96972630550094039920e+00
8.35000039660371840000e-01,-3.96973627697679123352e+00
8.36000039707869291306e-01,-3.96974631233502935849e+00
8.37000039755366742611e-01,-3.96975641333328586598e+00
8.38000039802864193916e-01,-3.96976658176682723703e+00
8.39000039850361645222e-01,-3.96977681946978677848e+00
8.40000039897859096527e-01,-3.96978712831643342201e+00
8.41000039945356547832e-01,-3.96979751022249647175e+00
8.42000039992853999138e-01,-3.96980796714653940208e+00
8.43000040040351450443e-01,-3.96981850109138069589e+00
8.44000040087848901749e-01,-3.96982911410557300969e+00
8.45000040135346353054e-01,-3.96983980828493656615e+00
8.46000040182843804359e-01,-3.96985058577415710675e+00
8.47000040230341255665e-01,-3.96986144876843591680e+00
8.48000040277838706970e-01,-3.96987239951521386143e+00
8.49000040325336158276e-01,-3.96988344031596085870e+00
8.50000040372833609581e-01,-3.96989457352803422428e+00
8.51000040420331060886e-01,-3.96990580156661208356e+00
8.52000040467828512192e-01,-3.96991712690671172815e+00
8.53000040515325963497e-01,-3.96992855208527453616e+00
8.54000040562823414803e-01,-3.96994007970335002853e+00
8.55000040610320866108e-01,-3.96995171242836604074e+00
8.56000040657818317413e-01,-3.96996345299649073656e+00
8.57000040705315768719e-01,-3.96997530421509558585e+00
8.58000040752813220024e-01,-3.96998726896531887597e+00
8.59000040800310671329e-01,-3.96999935020474763159e+00
8.60000040847808122635e-01,-3.97001155097019599403e+00
8.61000040895305573940e-01,-3.97002387438062171745e+00
8.62000040942803025246e-01,-3.97003632364015951917e+00
8.63000040990300476551e-01,-3.97004890204128770264e+00
8.64000041037797927856e-01,-3.97006161296813371944e+00
8.65000041085295379162e-01,-3.97007445989993688830e+00
8.66000041132792830467e-01,-3.97008744641464408160e+00
8.67000041180290281773e-01,-3.97010057619268798279e+00
8.68000041227787733078e-01,-3.97011385302092720609e+00
8.69000041275285184383e-01,-3.97012728079676912251e+00
8.70000041322782635689e-01,-3.97014086353248102086e+00
8.71000041370280086994e-01,-3.97015460535970112952e+00
8.72000041417777538300e-01,-3.97016851053416990275e+00
8.73000041465274989605e-01,-3.97018258344066645870e+00
8.74000041512772440910e-01,-3.97019682859819825877e+00
8.75000041560269892216e-01,-3.97021125066542919773e+00
8.76000041607767343521e-01,-3.97022585444637534507e+00
8.77000041655264794827e-01,-3.97024064489637331233e+00
8.78000041702762246132e-01,-3.97025562712835225552e+00
8.79000041750259697437e-01,-3.97027080641940097725e+00
8.80000041797757148743e-01,-3.97028618821767832108e+00
8.81000041845254600048e-01,-3.97030177814966490565e+00
8.82000041892752051353e-01,-3.97031758202778558599e+00
8.83000041940249502659e-01,-3.97033360585842180985e+00
8.84000041987746953964e-01,-3.97034985585033934740e+00
8.85000042035244405270e-01,-3.97036633842356079943e+00
8.86000042082741856575e-01,-3.97038306021869263538e+00
8.87000042130239307880e-01,-3.97040002810676200765e+00
8.88000042177736759186e-01,-3.97041724919957414106e+00
8.89000042225234210491e-01,-3.97043473086063088769e+00
8.90000042272731661797e-01,-3.97045248071664398171e+00
8.91000042320229113102e-01,-3.97047050666969313158e+00
8.92000042367726564407e-01,-3.97048881691003925079e+00
8.93000042415224015713e-01,-3.97050741992967846320e+00
8.94000042462721467018e-01,-3.97052632453665502415e+00
8.95000042510218918324e-01,-3.97054553987019172409e+00
8.96000042557716369629e-01,-3.97056507541669953705e+00
8.97000042605213820934e-01,-3.97058494102671651841e+00
8.98000042652711272240e-01,-3.97060514693285362769e+00
8.99000042700208723545e-01,-3.97062570376879126464e+00
9.00000042747706174850e-01,-3.97064662258943684302e+00
9.01000042795203626156e-01,-3.97066791489229371499e+00
9.02000042842701077461e-01,-3.97068959264014783206e+00
9.03000042890198528767e-01,-3.97071166828515213884e+00
9.04000042937695980072e-01,-3.97073415479443695537e+00
9.05000042985193431377e-01,-3.97075706567731239989e+00
9.06000043032690882683e-01,-3.97078041501423793184e+00
9.07000043080188333988e-01,-3.97080421748765030848e+00
9.08000043127685785294e-01,-3.97082848841481175664e+00
9.09000043175183236599e-01,-3.97085324378282385920e+00
9.10000043222680687904e-01,-3.97087850028599285306e+00
9.11000043270178139210e-01,-3.97090427536569894962e+00
9.12000043317675590515e-01,-3.97093058725301099681e+00
9.13000043365173041821e-01,-3.97095745501423438590e+00
9.14000043412670493126e-01,-3.97098489859965176133e+00
9.15000043460167944431e-01,-3.97101293889570849493e+00
9.16000043507665395737e-01,-3.97104159778093371356e+00
9.17000043555162847042e-01,-3.97107089818592671505e+00
9.18000043602660298347e-01,-3.97110086415771779893e+00
9.19000043650157749653e-01,-3.97113152092893769503e+00
9.20000043697655200958e-01,-3.97116289499217171833e+00
9.21000043745152652264e-01,-3.97119501417998377497e+00
9.22000043792650103569e-01,-3.97122790775110390727e+00
9.23000043840147554874e-01,-3.97126160648337211707e+00
9.24000043887645006180e-01,-3.97129614277400637477e+00
9.25000043935142457485e-01,-3.97133155074794770394e+00
9.26000043982639908791e-01,-3.97136786637499990217e+00
9.27000044030137360096e-01,-3.97140512759663209179e+00
9.28000044077634811401e-01,-3.97144337446337152421e+00
9.29000044125132262707e-01,-3.97148264928385385120e+00
9.30000044172629714012e-01,-3.97152299678669127767e+00
9.31000044220127165318e-01,-3.97156446429643879802e+00
9.32000044267624616623e-01,-3.97160710192516526983e+00
9.33000044315122067928e-01,-3.97165096278122066605e+00
9.34000044362619519234e-01,-3.97169610319705252192e+00
9.35000044410116970539e-01,-3.97174258297811523673e+00
9.36000044457614421844e-01,-3.97179046567521536236e+00
9.37000044505111873150e-01,-3.97183981888284918984e+00
9.38000044552609324455e-01,-3.97189071456655686107e+00
9.39000044600106775761e-01,-3.97194322942256441695e+00
9.40000044647604227066e-01,-3.97199744527353709993e+00
9.41000044695101678371e-01,-3.97205344950472468541e+00
9.42000044742599129677e-01,-3.97211133554539733885e+00
9.43000044790096580982e-01,-3.97217120340117743052e+00
9.44000044837594032288e-01,-3.97223316024359189699e+00
9.45000044885091483593e-01,-3.97229732106424458663e+00
9.46000044932588934898e-01,-3.97236380940195202044e+00
9.47000044980086386204e-01,-3.97243275815255001337e+00
9.48000045027583837509e-01,-3.97250431047253600150e+00
9.49000045075081288815e-01,-3.97257862078951108761e+00
9.50000045122578740120e-01,-3.97265585593437402039e+00
9.51000045170076191425e-01,-3.97273619641283052412e+00
9.52000045217573642731e-01,-3.97281983783656020390e+00
9.53000045265071094036e-01,-3.97290699253796235737e+00
9.54000045312568545341e-01,-3.97299789139654773449e+00
9.55000045360065996647e-01,-3.97309278591005950632e+00
9.56000045407563447952e-01,-3.97319195054948627794e+00
9.57000045455060899258e-01,-3.97329568544434518136e+00
9.58000045502558350563e-01,-3.97340431945368556597e+00
9.59000045550055801868e-01,-3.97351821368894306632e+00
9.60000045597553253174e-01,-3.97363776556819936112e+00
9.61000045645050704479e-01,-3.97376341349776852907e+00
9.62000045692548155785e-01,-3.97389564229738897886e+00
9.63000045740045607090e-01,-3.97403498951047691435e+00
9.64000045787543058395e-01,-3.97418205277272972107e+00
9.65000045835040509701e-01,-3.97433749845202812911e+00
9.66000045882537961006e-01,-3.97450207182315631209e+00
9.67000045930035412312e-01,-3.97467660910512531687e+00
9.68000045977532863617e-01,-3.97486205177142012165e+00
9.69000046025030314922e-01,-3.97505946365021730314e+00
9.70000046072527766228e-01,-3.97527005147035301501e+00
9.71000046120025217533e-01,-3.97549518969145911779e+00
9.72000046167522668839e-01,-3.97573645069785644814e+00
9.73000046215020120144e-01,-3.97599564175857885721e+00
9.74000046262517571449e-01,-3.97627485059109358665e+00
9.75000046310015022755e-01,-3.97657650195975987078e+00
9.76000046357512474060e-01,-3.97690342855793255812e+00
9.77000046405009925365e-01,-3.97725896056424750385e+00
9.78000046452507376671e-01,-3.97764703987647345179e+00
9.79000046500004827976e-01,-3.97807236733853481110e+00
9.80000046547502279282e-01,-3.97854059464070643009e+00
9.81000046594999730587e-01,-3.97905857755051271438e+00
9.82000046642497181892e-01,-3.97963471463021902365e+00
9.83000046689994633198e-01,-3.98027940711870982212e+00
9.84000046737492084503e-01,-3.98100569375350838049e+00
9.85000046784989535809e-01,-3.98183014343327481904e+00
9.86000046832486987114e-01,-3.98277413678254894099e+00
9.87000046879984438419e-01,-3.98386574978653554085e+00
9.88000046927481889725e-01,-3.98514259756037578729e+00
9.89000046974979341030e-01,-3.98665626232082835959e+00
9.90000047022476792336e-01,-3.98847944074635236576e+00
9.91000047069974243641e-01,-3.99071798178652469382e+00
9.92000047117471694946e-01,-3.99353222250409543533e+00
9.93000047164969146252e-01,-3.99717724214989327414e+00
9.94000047212466597557e-01,-4.00208500961775965298e+00
9.95000047259964048862e-01,-4.00905000850015476267e+00
9.96000047307461500168e-01,-4.01971103916905639396e+00
9.97000047354958951473e-01,-4.03808183725118476689e+00
9.98000047402456402779e-01,-4.07733238538193543598e+00
9.99000047449953854084e-01,-4.22227774886235628516e+00
