1.00000004749745130538940429687500e-03,-4.00445024698193657516909205185129e+00
2.00000009499490261077880859375000e-03,-4.00456123767047771902158337375965e+00
3.00000014249235391616821289062500e-03,-4.00467584258691584571734911612850e+00
4.00000018998980522155761718750000e-03,-4.00479402889594421257463130459087e+00
5.00000023748725652694702148437500e-03,-4.00491576416936442568000886765844e+00
6.00000028498470783233642578125000e-03,-4.00504101638034649751282656460205e+00
7.00000033248215913772583007812500e-03,-4.00516975389778835279705471172917e+00
8.00000037997961044311523437500000e-03,-4.00530194548077208551925543211780e+00
9.00000042747706174850463867187500e-03,-4.00543756027311586296116296956882e+00
1.00000004749745130538940429687500e-02,-4.00557656779801819681846586362894e+00
1.10000005224719643592834472656250e-02,-4.00571893795279595443942222132705e+00
1.20000005699694156646728515625000e-02,-4.00586464100370837635237131202359e+00
1.30000006174668669700622558593750e-02,-4.00601364758087080198203921987954e+00
1.40000006649643182754516601562500e-02,-4.00616592867325486352486629826330e+00
1.50000007124617695808410644531250e-02,-4.00632145562377137973028573547651e+00
1.60000007599592208862304687500000e-02,-4.00648020012443639324348221286698e+00
1.70000008074566721916198730468750e-02,-4.00664213421161753778815262094781e+00
1.80000008549541234970092773437500e-02,-4.00680723026136166456737108809705e+00
1.90000009024515748023986816406250e-02,-4.00697546098479575119033491148457e+00
2.00000009499490261077880859375000e-02,-4.00714679942360897787687057380879e+00
2.10000009974464774131774902343750e-02,-4.00732121894560475291666157282577e+00
2.20000010449439287185668945312500e-02,-4.00749869324033035746304709512344e+00
2.30000010924413800239562988281250e-02,-4.00767919631477379134587568643155e+00
2.40000011399388313293457031250000e-02,-4.00786270248913450205824338112848e+00
2.50000011874362826347351074218750e-02,-4.00804918639266021928441174893010e+00
2.60000012349337339401245117187500e-02,-4.00823862295955411425008030334993e+00
2.70000012824311852455139160156250e-02,-4.00843098742494474348574406974421e+00
2.80000013299286365509033203125000e-02,-4.00862625532092461044450515394999e+00
2.90000013774260878562927246093750e-02,-4.00882440247265033365572928225617e+00
3.00000014249235391616821289062500e-02,-4.00902540499450425227900840496886e+00
3.10000014724209904670715332031250e-02,-4.00922923928632130670043909326239e+00
3.20000015199184417724609375000000e-02,-4.00943588202967177028593348531160e+00
3.30000015674158930778503417968750e-02,-4.00964531018420389197817743642815e+00
3.40000016149133443832397460937500e-02,-4.00985750098404735309448598812310e+00
3.50000016624107956886291503906250e-02,-4.01007243193427034399362041128256e+00
3.60000017099082469940185546875000e-02,-4.01029008080739257950317333545343e+00
3.70000017574056982994079589843750e-02,-4.01051042563995565476409055349905e+00
3.80000018049031496047973632812500e-02,-4.01073344472914304625899006850887e+00
3.90000018524006009101867675781250e-02,-4.01095911662945607458613528351066e+00
4.00000018998980522155761718750000e-02,-4.01118742014943956055578189179300e+00
4.10000019473955035209655761718750e-02,-4.01141833434846022121700315210546e+00
4.20000019948929548263549804687500e-02,-4.01165183853353252921986049628345e+00
4.30000020423904061317443847656250e-02,-4.01188791225619366615298688749647e+00
4.40000020898878574371337890625000e-02,-4.01212653530943055791777029917000e+00
4.50000021373853087425231933593750e-02,-4.01236768772464614044026554040556e+00
4.60000021848827600479125976562500e-02,-4.01261134976868021192672464358964e+00
4.70000022323802113533020019531250e-02,-4.01285750194087012347743392837174e+00
4.80000022798776626586914062500000e-02,-4.01310612497015785620629868546416e+00
4.90000023273751139640808105468750e-02,-4.01335719981224147649007116811504e+00
5.00000023748725652694702148437500e-02,-4.01361070764676883693838904676454e+00
5.10000024223700165748596191406250e-02,-4.01386662987457359203988249696238e+00
5.20000024698674678802490234375000e-02,-4.01412494811495203315271362853878e+00
5.30000025173649191856384277343750e-02,-4.01438564420298218092530984080213e+00
5.40000025648623704910278320312500e-02,-4.01464870018688232576262175932413e+00
5.50000026123598217964172363281250e-02,-4.01491409832540707561601700525955e+00
5.60000026598572731018066406250000e-02,-4.01518182108528616037004810301880e+00
5.70000027073547244071960449218750e-02,-4.01545185113869518159571136983743e+00
5.80000027548521757125854492187500e-02,-4.01572417136077029027260709703739e+00
5.90000028023496270179748535156250e-02,-4.01599876482715368143996959027220e+00
6.00000028498470783233642578125000e-02,-4.01627561481157899225813423527143e+00
6.10000028973445296287536621093750e-02,-4.01655470478349070455326152995212e+00
6.20000029448419809341430664062500e-02,-4.01683601840569702058625356499988e+00
6.30000029923394322395324707031250e-02,-4.01711953953206047296040082095203e+00
6.40000030398368835449218750000000e-02,-4.01740525220521658847708246220520e+00
6.50000030873343348503112792968750e-02,-4.01769314065433185822334705150638e+00
6.60000031348317861557006835937500e-02,-4.01798318929288853992853880470193e+00
6.70000031823292374610900878906250e-02,-4.01827538271650499266188227842633e+00
6.80000032298266887664794921875000e-02,-4.01856970570078668317584580371715e+00
6.90000032773241400718688964843750e-02,-4.01886614319920567163849089986627e+00
7.00000033248215913772583007812500e-02,-4.01916468034101465175642053928584e+00
7.10000033723190426826477050781250e-02,-4.01946530242918588114384159659664e+00
7.20000034198164939880371093750000e-02,-4.01976799493838330258957403096076e+00
7.30000034673139452934265136718750e-02,-4.02007274351296140652012311988983e+00
7.40000035148113965988159179687500e-02,-4.02037953396499263660282541543722e+00
7.50000035623088479042053222656250e-02,-4.02068835227232464994001626124032e+00
7.60000036098062992095947265625000e-02,-4.02099918457666100080061255539476e+00
7.70000036573037505149841308593750e-02,-4.02131201718167261525971323266049e+00
7.80000037048012018203735351562500e-02,-4.02162683655113387766119603661252e+00
7.90000037522986531257629394531250e-02,-4.02194362930708442698327087505561e+00
8.00000037997961044311523437500000e-02,-4.02226238222801802356387579351349e+00
8.10000038472935557365417480468750e-02,-4.02258308224709527738116587869399e+00
8.20000038947910070419311523437500e-02,-4.02290571645038247177925128106324e+00
8.30000039422884583473205566406250e-02,-4.02323027207511316324581307490860e+00
8.40000039897859096527099609375000e-02,-4.02355673650797517840876915684589e+00
8.50000040372833609580993652343750e-02,-4.02388509728342081122470785814471e+00
8.60000040847808122634887695312500e-02,-4.02421534208200025461987792141372e+00
8.70000041322782635688781738281250e-02,-4.02454745872871719148886060501980e+00
8.80000041797757148742675781250000e-02,-4.02488143519140795798319509835039e+00
8.90000042272731661796569824218750e-02,-4.02521725957914321743918995011313e+00
9.00000042747706174850463867187500e-02,-4.02555492014064921759905479881070e+00
9.10000043222680687904357910156250e-02,-4.02589440526275242019510480773192e+00
9.20000043697655200958251953125000e-02,-4.02623570346884559730329944393645e+00
9.30000044172629714012145996093750e-02,-4.02657880341737270694577044416462e+00
9.40000044647604227066040039062500e-02,-4.02692369390033638601802956635822e+00
9.50000045122578740119934082031250e-02,-4.02727036384182401126258232793020e+00
9.60000045597553253173828125000000e-02,-4.02761880229655442513594931774890e+00
9.70000046072527766227722167968750e-02,-4.02796899844844341186805847243591e+00
9.80000046547502279281616210937500e-02,-4.02832094160918953093530880948947e+00
9.90000047022476792335510253906250e-02,-4.02867462121687790058480183041922e+00
1.00000004749745130538940429687500e-01,-4.02903002683460228312492534819000e+00
1.01000004797242581844329833984375e-01,-4.02938714814910861313282386397816e+00
1.02000004844740033149719238281250e-01,-4.02974597496945126894052346955277e+00
1.03000004892237484455108642578125e-01,-4.03010649722567051295163409463385e+00
1.04000004939734935760498046875000e-01,-4.03046870496748946754647646706360e+00
1.05000004987232387065887451171875e-01,-4.03083258836302192867212523808007e+00
1.06000005034729838371276855468750e-01,-4.03119813769750400629307551803038e+00
1.07000005082227289676666259765625e-01,-4.03156534337203837844998410844255e+00
1.08000005129724740982055664062500e-01,-4.03193419590235684361531620645280e+00
1.09000005177222192287445068359375e-01,-4.03230468591759727168752358572590e+00
1.10000005224719643592834472656250e-01,-4.03267680415909863991114070458366e+00
1.11000005272217094898223876953125e-01,-4.03305054147921100866913679539039e+00
1.12000005319714546203613281250000e-01,-4.03342588884011982956062647431850e+00
1.13000005367211997509002685546875e-01,-4.03380283731268854700499626453336e+00
1.14000005414709448814392089843750e-01,-4.03418137807531202582156382163703e+00
1.15000005462206900119781494140625e-01,-4.03456150241278987001597444717049e+00
1.16000005509704351425170898437500e-01,-4.03494320171520885190061256331262e+00
1.17000005557201802730560302734375e-01,-4.03532646747684352285176490049423e+00
1.18000005604699254035949707031250e-01,-4.03571129129507111428509791295483e+00
1.19000005652196705341339111328125e-01,-4.03609766486929833796681865720757e+00
1.20000005699694156646728515625000e-01,-4.03648557999990255850883413835106e+00
1.21000005747191607952117919921875e-01,-4.03687502858718802673312908702030e+00
1.22000005794689059257507324218750e-01,-4.03726600263035429209598770050604e+00
1.23000005842186510562896728515625e-01,-4.03765849422647747852047062089298e+00
1.24000005889683961868286132812500e-01,-4.03805249556950486729267613128513e+00
1.25000005937181413173675537109375e-01,-4.03844799894926271893388913802880e+00
1.26000005984678864479064941406250e-01,-4.03884499675047829812118971304358e+00
1.27000006032176315784454345703125e-01,-4.03924348145181012336574211119000e+00
1.28000006079673767089843750000000e-01,-4.03964344562489331442317608278358e+00
1.29000006127171218395233154296875e-01,-4.04004488193339767040587751090186e+00
1.30000006174668669700622558593750e-01,-4.04044778313209687137588788097275e+00
1.31000006222166121006011962890625e-01,-4.04085214206594823139334637929210e+00
1.32000006269663572311401367187500e-01,-4.04125795166918551880319565583477e+00
1.33000006317161023616790771484375e-01,-4.04166520496442377430312831165793e+00
1.34000006364658474922180175781250e-01,-4.04207389506177373287437726290250e+00
1.35000006412155926227569580078125e-01,-4.04248401515796761595752939477677e+00
1.36000006459653377532958984375000e-01,-4.04289555853549624269901996420629e+00
1.37000006507150828838348388671875e-01,-4.04330851856175949683366854792155e+00
1.38000006554648280143737792968750e-01,-4.04372288868822127088850648668483e+00
1.39000006602145731449127197265625e-01,-4.04413866244958234959575027467338e+00
1.40000006649643182754516601562500e-01,-4.04455583346295820734370152216286e+00
1.41000006697140634059906005859375e-01,-4.04497439542706920152792537948017e+00
1.42000006744638085365295410156250e-01,-4.04539434212144027348811992084165e+00
1.43000006792135536670684814453125e-01,-4.04581566740561220053493118875565e+00
1.44000006839632987976074218750000e-01,-4.04623836521835862026913455125054e+00
1.45000006887130439281463623046875e-01,-4.04666242957691976288997492972044e+00
1.46000006934627890586853027343750e-01,-4.04708785457623822397199564449011e+00
1.47000006982125341892242431640625e-01,-4.04751463438820692931213729437445e+00
1.48000007029622793197631835937500e-01,-4.04794276326093059549179886680292e+00
1.49000007077120244503021240234375e-01,-4.04837223551798936968526554380787e+00
1.50000007124617695808410644531250e-01,-4.04880304555771563818772351694975e+00
1.51000007172115147113800048828125e-01,-4.04923518785248004025340007316913e+00
1.52000007219612598419189453125000e-01,-4.04966865694798403658635765900442e+00
1.53000007267110049724578857421875e-01,-4.05010344746256425920577504129483e+00
1.54000007314607501029968261718750e-01,-4.05053955408650072107096251627922e+00
1.55000007362104952335357666015625e-01,-4.05097697158133914245234374895688e+00
1.56000007409602403640747070312500e-01,-4.05141569477921734653003138504346e+00
1.57000007457099854946136474609375e-01,-4.05185571858220203601136377713487e+00
1.58000007504597306251525878906250e-01,-4.05229703796163276321301571769595e+00
1.59000007552094757556915283203125e-01,-4.05273964795747438944611973354881e+00
1.60000007599592208862304687500000e-01,-4.05318354367767882517198385627921e+00
1.61000007647089660167694091796875e-01,-4.05362872029755097165806820846967e+00
1.62000007694587111473083496093750e-01,-4.05407517305912629568959149040097e+00
1.63000007742084562778472900390625e-01,-4.05452289727055337252917266432917e+00
1.64000007789582014083862304687500e-01,-4.05497188830548510336121426078648e+00
1.65000007837079465389251708984375e-01,-4.05542214160247886786322957242135e+00
1.66000007884576916694641113281250e-01,-4.05587365266439945276841227972398e+00
1.67000007932074368000030517578125e-01,-4.05632641705783596706991200875336e+00
1.68000007979571819305419921875000e-01,-4.05678043041251775108549382231615e+00
1.69000008027069270610809326171875e-01,-4.05723568842074506363148955756515e+00
1.70000008074566721916198730468750e-01,-4.05769218683682248360530819830672e+00
1.71000008122064173221588134765625e-01,-4.05814992147650037586370519449019e+00
1.72000008169561624526977539062500e-01,-4.05860888821642306744513772898131e+00
1.73000008217059075832366943359375e-01,-4.05906908299358130292125435012451e+00
1.74000008264556527137756347656250e-01,-4.05953050180477839582390831019154e+00
1.75000008312053978443145751953125e-01,-4.05999314070609309840903522470512e+00
1.76000008359551429748535156250000e-01,-4.06045699581235831681844117291291e+00
1.77000008407048881053924560546875e-01,-4.06092206329663867481888361865572e+00
1.78000008454546332359313964843750e-01,-4.06138833938972041446083260929356e+00
1.79000008502043783664703369140625e-01,-4.06185582037960255354439031982849e+00
1.80000008549541234970092773437500e-01,-4.06232450261099821506999285603001e+00
1.81000008597038686275482177734375e-01,-4.06279438248483990665446685675022e+00
1.82000008644536137580871582031250e-01,-4.06326545645778954138002680984698e+00
1.83000008692033588886260986328125e-01,-4.06373772104175891555638555630026e+00
1.84000008739531040191650390625000e-01,-4.06421117280343166316622371958545e+00
1.85000008787028491497039794921875e-01,-4.06468580836379212491843437859984e+00
1.86000008834525942802429199218750e-01,-4.06516162439766140295968610551824e+00
1.87000008882023394107818603515625e-01,-4.06563861763323760320845701166093e+00
1.88000008929520845413208007812500e-01,-4.06611678485164244802735344919142e+00
1.89000008977018296718597412109375e-01,-4.06659612288647233629274024835354e+00
1.90000009024515748023986816406250e-01,-4.06707662862335714943837206014621e+00
1.91000009072013199329376220703125e-01,-4.06755829899952076186483984621134e+00
1.92000009119510650634765625000000e-01,-4.06804113100335149174821558482051e+00
1.93000009167008101940155029296875e-01,-4.06852512167397453723971523231739e+00
1.94000009214505553245544433593750e-01,-4.06901026810082912764376938952182e+00
1.95000009262003004550933837890625e-01,-4.06949656742325370723314947873916e+00
1.96000009309500455856323242187500e-01,-4.06998401683007503043185137947546e+00
1.97000009356997907161712646484375e-01,-4.07047261355920004253020061391055e+00
1.98000009404495358467102050781250e-01,-4.07096235489721664608728235457136e+00
1.99000009451992809772491455078125e-01,-4.07145323817899643320875058272179e+00
2.00000009499490261077880859375000e-01,-4.07194526078730354096482657588751e+00
2.01000009546987712383270263671875e-01,-4.07243842015240769486444927238722e+00
2.02000009594485163688659667968750e-01,-4.07293271375170283033276263928713e+00
2.03000009641982614994049072265625e-01,-4.07342813910932907087852905547720e+00
2.04000009689480066299438476562500e-01,-4.07392469379580057613210453126840e+00
2.05000009736977517604827880859375e-01,-4.07442237542763842795406903363187e+00
2.06000009784474968910217285156250e-01,-4.07492118166700548935812986606209e+00
2.07000009831972420215606689453125e-01,-4.07542111022134938540933957185075e+00
2.08000009879469871520996093750000e-01,-4.07592215884304550450531468008819e+00
2.09000009926967322826385498046875e-01,-4.07642432532904981905969021838132e+00
2.10000009974464774131774902343750e-01,-4.07692760752055033141721951395198e+00
2.11000010021962225437164306640625e-01,-4.07743200330262723718802164718511e+00
2.12000010069459676742553710937500e-01,-4.07793751060391593049256342418118e+00
2.13000010116957128047943115234375e-01,-4.07844412739627284504584370239400e+00
2.14000010164454579353332519531250e-01,-4.07895185169444695737900330456682e+00
2.15000010211952030658721923828125e-01,-4.07946068155575526604714187151046e+00
2.16000010259449481964111328125000e-01,-4.07997061507976197837488374631221e+00
2.17000010306946933269500732421875e-01,-4.08048165040796196895850345143231e+00
2.18000010354444384574890136718750e-01,-4.08099378572346654361555073897705e+00
2.19000010401941835880279541015625e-01,-4.08150701925069688512370813526786e+00
2.20000010449439287185668945312500e-01,-4.08202134925507698981830828621753e+00
2.21000010496936738491058349609375e-01,-4.08253677404273430853048898470092e+00
2.22000010544434189796447753906250e-01,-4.08305329196020244360634809943633e+00
2.23000010591931641101837158203125e-01,-4.08357090139412559929785184742457e+00
2.24000010639429092407226562500000e-01,-4.08408960077097193041781308942006e+00
2.25000010686926543712615966796875e-01,-4.08460938855674382010063627745922e+00
2.26000010734423995018005371093750e-01,-4.08513026325669936431039808155674e+00
2.27000010781921446323394775390625e-01,-4.08565222341506964487400921370863e+00
2.28000010829418897628784179687500e-01,-4.08617526761478667193111524724713e+00
2.29000010876916348934173583984375e-01,-4.08669939447721055746781670947598e+00
2.30000010924413800239562988281250e-01,-4.08722460266185935512037175065814e+00
2.31000010971911251544952392578125e-01,-4.08775089086614848259138010888591e+00
2.32000011019408702850341796875000e-01,-4.08827825782512477899993674768098e+00
2.33000011066906154155731201171875e-01,-4.08880670231121189778233926404027e+00
2.34000011114403605461120605468750e-01,-4.08933622313395409020309045899921e+00
2.35000011161901056766510009765625e-01,-4.08986681913976645374661500476066e+00
2.36000011209398508071899414062500e-01,-4.09039848921168473425136191679030e+00
2.37000011256895959377288818359375e-01,-4.09093123226912248587353038153935e+00
2.38000011304393410682678222656250e-01,-4.09146504726762895573152767347835e+00
2.39000011351890861988067626953125e-01,-4.09199993319865088512235495876723e+00
2.40000011399388313293457031250000e-01,-4.09253588908929765745325912718044e+00
2.41000011446885764598846435546875e-01,-4.09307291400210834482822908064747e+00
2.42000011494383215904235839843750e-01,-4.09361100703482416740541793842567e+00
2.43000011541880667209625244140625e-01,-4.09415016732016258252727092248335e+00
2.44000011589378118515014648437500e-01,-4.09469039402559213539425919670123e+00
2.45000011636875569820404052734375e-01,-4.09523168635311655277897457949621e+00
2.46000011684373021125793457031250e-01,-4.09577404353905494922491459242053e+00
2.47000011731870472431182861328125e-01,-4.09631746485383042497008254656521e+00
2.48000011779367923736572265625000e-01,-4.09686194960175594989570946324875e+00
2.49000011826865375041961669921875e-01,-4.09740749712082955903691416921220e+00
2.50000011874362826347351074218750e-01,-4.09795410678252861264372897132091e+00
2.51000011921860277652740478515625e-01,-4.09850177799160545833237478952071e+00
2.52000011969357728958129882812500e-01,-4.09905051018589011366244356793231e+00
2.53000012016855180263519287109375e-01,-4.09960030283609350035614604657042e+00
2.54000012064352631568908691406250e-01,-4.10015115544561182126664933278448e+00
2.55000012111850082874298095703125e-01,-4.10070306755033860092105046923905e+00
2.56000012159347534179687500000000e-01,-4.10125603871847226392088892055199e+00
2.57000012206844985485076904296875e-01,-4.10181006855033467202453767441739e+00
2.58000012254342436790466308593750e-01,-4.10236515667818401860780785916916e+00
2.59000012301839888095855712890625e-01,-4.10292130276603753385317174817715e+00
2.60000012349337339401245117187500e-01,-4.10347850650949242485784895784207e+00
2.61000012396834790706634521484375e-01,-4.10403676763555010694600744258764e+00
2.62000012444332242012023925781250e-01,-4.10459608590244524580284424253307e+00
2.63000012491829693317413330078125e-01,-4.10515646109947304146642332867145e+00
2.64000012539327144622802734375000e-01,-4.10571789304682613873376251234504e+00
2.65000012586824595928192138671875e-01,-4.10628038159542500459830982606491e+00
2.66000012634322047233581542968750e-01,-4.10684392662675735704083668231590e+00
2.67000012681819498538970947265625e-01,-4.10740852805271857914326538718797e+00
2.68000012729316949844360351562500e-01,-4.10797418581545311635702666386294e+00
2.69000012776814401149749755859375e-01,-4.10854089988720199387584042227672e+00
2.70000012824311852455139160156250e-01,-4.10910867027014378759577906130573e+00
2.71000012871809303760528564453125e-01,-4.10967749699625231564123484240270e+00
2.72000012919306755065917968750000e-01,-4.11024738012714206496223123821210e+00
2.73000012966804206371307373046875e-01,-4.11081831975392735520694054152102e+00
2.74000013014301657676696777343750e-01,-4.11139031599707376182437079670251e+00
2.75000013061799108982086181640625e-01,-4.11196336900626182274398612292998e+00
2.76000013109296560287475585937500e-01,-4.11253747896024696335814940795217e+00
2.77000013156794011592864990234375e-01,-4.11311264606672109724744279546371e+00
2.78000013204291462898254394531250e-01,-4.11368887056218141386534914438755e+00
2.79000013251788914203643798828125e-01,-4.11426615271179599514841940255394e+00
2.80000013299286365509033203125000e-01,-4.11484449280927512505520726726616e+00
2.81000013346783816814422607421875e-01,-4.11542389117674371886920758889516e+00
2.82000013394281268119812011718750e-01,-4.11600434816461550023569682110747e+00
2.83000013441778719425201416015625e-01,-4.11658586415147139227557748775155e+00
2.84000013489276170730590820312500e-01,-4.11716843954393475410458158592064e+00
2.85000013536773622035980224609375e-01,-4.11775207477655732276472511088627e+00
2.86000013584271073341369628906250e-01,-4.11833677031169925406017817692828e+00
2.87000013631768524646759033203125e-01,-4.11892252663941496647684314957871e+00
2.88000013679265975952148437500000e-01,-4.11950934427734173767440828406450e+00
2.89000013726763427257537841796875e-01,-4.12009722377058702725768912777937e+00
2.90000013774260878562927246093750e-01,-4.12068616569162291581734924861280e+00
2.91000013821758329868316650390625e-01,-4.12127617064017649599338977139951e+00
2.92000013869255781173706054687500e-01,-4.12186723924312803163036433851119e+00
2.93000013916753232479095458984375e-01,-4.12245937215440851238146269253093e+00
2.94000013964250683784484863281250e-01,-4.12305257005489659985833506006259e+00
2.95000014011748135089874267578125e-01,-4.12364683365232527652299854281637e+00
2.96000014059245586395263671875000e-01,-4.12424216368117885298666402960066e+00
2.97000014106743037700653076171875e-01,-4.12483856090260597206109682844044e+00
2.98000014154240489006042480468750e-01,-4.12543602610432078503163721983071e+00
2.99000014201737940311431884765625e-01,-4.12603456010051578223621349117423e+00
3.00000014249235391616821289062500e-01,-4.12663416373177315043044299791575e+00
3.01000014296732842922210693359375e-01,-4.12723483786497653087385617531879e+00
3.02000014344230294227600097656250e-01,-4.12783658339322854146855035217811e+00
3.03000014391727745532989501953125e-01,-4.12843940123576494871313058432349e+00
3.04000014439225196838378906250000e-01,-4.12904329233787779733499956336118e+00
3.05000014486722648143768310546875e-01,-4.12964825767083171942362085360401e+00
3.06000014534220099449157714843750e-01,-4.13025429823178955512572030350782e+00
3.07000014581717550754547119140625e-01,-4.13086141504373814507811157881179e+00
3.08000014629215002059936523437500e-01,-4.13146960915540918885327514864514e+00
3.09000014676712453365325927734375e-01,-4.13207888164121521978530693353093e+00
3.10000014724209904670715332031250e-01,-4.13268923360117399921562220121984e+00
3.11000014771707355976104736328125e-01,-4.13330066616084265121097707229580e+00
3.12000014819204807281494140625000e-01,-4.13391318047125008771150445063824e+00
3.13000014866702258586883544921875e-01,-4.13452677770883412827415681611853e+00
3.14000014914199709892272949218750e-01,-4.13514145907537884879964784623496e+00
3.15000014961697161197662353515625e-01,-4.13575722579795119733872543754671e+00
3.16000015009194612503051757812500e-01,-4.13637407912884491785476814840194e+00
3.17000015056692063808441162109375e-01,-4.13699202034551991079627808467478e+00
3.18000015104189515113830566406250e-01,-4.13761105075054990906635588032714e+00
3.19000015151686966419219970703125e-01,-4.13823117167156624522650343322994e+00
3.20000015199184417724609375000000e-01,-4.13885238446120480105064332043696e+00
3.21000015246681869029998779296875e-01,-4.13947469049706038386401973916406e+00
3.22000015294179320335388183593750e-01,-4.14009809118163039616880571891500e+00
3.23000015341676771640777587890625e-01,-4.14072258794227568857310162186991e+00
3.24000015389174222946166992187500e-01,-4.14134818223116810825823463915185e+00
3.25000015436671674251556396484375e-01,-4.14197487552525203972561551601927e+00
3.26000015484169125556945800781250e-01,-4.14260266932619914759597379294576e+00
3.27000015531666576862335205078125e-01,-4.14323156516036868613622745627367e+00
3.28000015579164028167724609375000e-01,-4.14386156457877179214513430061118e+00
3.29000015626661479473114013671875e-01,-4.14449266915702863468135008773174e+00
3.30000015674158930778503417968750e-01,-4.14512488049533905877172546006193e+00
3.31000015721656382083892822265625e-01,-4.14575820021844545018585570517189e+00
3.32000015769153833389282226562500e-01,-4.14639262997560093578636175593033e+00
3.33000015816651284694671630859375e-01,-4.14702817144054032257385888904366e+00
3.34000015864148736000061035156250e-01,-4.14766482631144916800106092757972e+00
3.35000015911646187305450439453125e-01,-4.14830259631093991017775080010210e+00
3.36000015959143638610839843750000e-01,-4.14894148318602217981321267359363e+00
3.37000016006641089916229248046875e-01,-4.14958148870808218736452865904596e+00
3.38000016054138541221618652343750e-01,-4.15022261467285862642645488662652e+00
3.39000016101635992527008056640625e-01,-4.15086486290042272571249037937946e+00
3.40000016149133443832397460937500e-01,-4.15150823523515914281051264467237e+00
3.41000016196630895137786865234375e-01,-4.15215273354574704138542085019026e+00
3.42000016244128346443176269531250e-01,-4.15279835972514737782446125891056e+00
3.43000016291625797748565673828125e-01,-4.15344511569058538920373724323554e+00
3.44000016339123249053955078125000e-01,-4.15409300338353797274124068472645e+00
3.45000016386620700359344482421875e-01,-4.15474202476972599706872557590032e+00
3.46000016434118151664733886718750e-01,-4.15539218183909947858592492941909e+00
3.47000016481615602970123291015625e-01,-4.15604347660583543647497273276770e+00
3.48000016529113054275512695312500e-01,-4.15669591110832491740248451073114e+00
3.49000016576610505580902099609375e-01,-4.15734948740917511491796410005861e+00
3.50000016624107956886291503906250e-01,-4.15800420759519930458819603202869e+00
3.51000016671605408191680908203125e-01,-4.15866007377742058319369800045706e+00
3.52000016719102859497070312500000e-01,-4.15931708809107018604694916419362e+00
3.53000016766600310802459716796875e-01,-4.15997525269558475176714940069189e+00
3.54000016814097762107849121093750e-01,-4.16063456977461580688082420920182e+00
3.55000016861595213413238525390625e-01,-4.16129504153602941063719300451851e+00
3.56000016909092664718627929687500e-01,-4.16195667021191465558688227233120e+00
3.57000016956590116024017333984375e-01,-4.16261945805859016412134310236581e+00
3.58000017004087567329406738281250e-01,-4.16328340735661231539893600839264e+00
3.59000017051585018634796142578125e-01,-4.16394852041079004253618101039081e+00
3.60000017099082469940185546875000e-01,-4.16461479955019043272881895667581e+00
3.61000017146579921245574951171875e-01,-4.16528224712815914885025159186682e+00
3.62000017194077372550964355468750e-01,-4.16595086552233202304221237888271e+00
3.63000017241574823856353759765625e-01,-4.16662065713465223481398735927428e+00
3.64000017289072275161743164062500e-01,-4.16729162439138932534643533500684e+00
3.65000017336569726467132568359375e-01,-4.16796376974315937275969434772094e+00
3.66000017384067177772521972656250e-01,-4.16863709566494598920613490200537e+00
3.67000017431564629077911376953125e-01,-4.16931160465612284451997204826057e+00
3.68000017479062080383300781250000e-01,-4.16998729924047981370421878111188e+00
3.69000017526559531688690185546875e-01,-4.17066418196624790924384451606954e+00
3.70000017574056982994079589843750e-01,-4.17134225540612577336901933833246e+00
3.71000017621554434299468994140625e-01,-4.17202152215731194044232021944651e+00
3.72000017669051885604858398437500e-01,-4.17270198484153277251190727881180e+00
3.73000017716549336910247802734375e-01,-4.17338364610507865171476482579749e+00
3.74000017764046788215637207031250e-01,-4.17406650861882953362086423609867e+00
3.75000017811544239521026611328125e-01,-4.17475057507830107526511365101385e+00
3.76000017859041690826416015625000e-01,-4.17543584820367383748235257101555e+00
3.77000017906539142131805419921875e-01,-4.17612233073983361722816831651528e+00
3.78000017954036593437194824218750e-01,-4.17681002545641419593583365532652e+00
3.79000018001534044742584228515625e-01,-4.17749893514783330944126205075406e+00
3.80000018049031496047973632812500e-01,-4.17818906263334412113166771440831e+00
3.81000018096528947353363037109375e-01,-4.17888041075707002440162152190339e+00
3.82000018144026398658752441406250e-01,-4.17957298238805925261543650073293e+00
3.83000018191523849964141845703125e-01,-4.18026678042032742450145876844658e+00
3.84000018239021301269531250000000e-01,-4.18096180777290860140077422002491e+00
3.85000018286518752574920654296875e-01,-4.18165806738990851075185584129201e+00
3.86000018334016203880310058593750e-01,-4.18235556224055207447803939047049e+00
3.87000018381513655185699462890625e-01,-4.18305429531924347812468778506911e+00
3.88000018429011106491088867187500e-01,-4.18375426964561591622326908179730e+00
3.89000018476508557796478271484375e-01,-4.18445548826459321443971273168927e+00
3.90000018524006009101867675781250e-01,-4.18515795424644615127518498809422e+00
3.91000018571503460407257080078125e-01,-4.18586167068685461624399923863393e+00
3.92000018619000911712646484375000e-01,-4.18656664070696879096852849322374e+00
3.93000018666498363018035888671875e-01,-4.18727286745347042698495165780059e+00
3.94000018713995814323425292968750e-01,-4.18798035409864329806778338038953e+00
3.95000018761493265628814697265625e-01,-4.18868910384043510557183775944168e+00
3.96000018808990716934204101562500e-01,-4.18939911990252786223518088881690e+00
3.97000018856488168239593505859375e-01,-4.19011040553440845032179273843553e+00
3.98000018903985619544982910156250e-01,-4.19082296401143899328145536742340e+00
3.99000018951483070850372314453125e-01,-4.19153679863493179537023425318409e+00
4.00000018998980522155761718750000e-01,-4.19225191273222192855224532692660e+00
4.01000019046477973461151123046875e-01,-4.19296830965674625305711353817628e+00
4.02000019093975424766540527343750e-01,-4.19368599278811901489433244805127e+00
4.03000019141472876071929931640625e-01,-4.19440496553221391865667877496548e+00
4.04000019188970327377319335937500e-01,-4.19512523132124500596651373029999e+00
4.05000019236467778682708740234375e-01,-4.19584679361384816752983395460319e+00
4.06000019283965229988098144531250e-01,-4.19656965589516773402697924488791e+00
4.07000019331462681293487548828125e-01,-4.19729382167694375785696458969198e+00
4.08000019378960132598876953125000e-01,-4.19801929449759738798703123663358e+00
4.09000019426457583904266357421875e-01,-4.19874607792232249761296691836776e+00
4.10000019473955035209655761718750e-01,-4.19947417554317692844553788766859e+00
4.11000019521452486515045166015625e-01,-4.20020359097917633057692188280896e+00
4.12000019568949937820434570312500e-01,-4.20093432787638726075285511285529e+00
4.13000019616447389125823974609375e-01,-4.20166638990802664274312738790229e+00
4.14000019663944840431213378906250e-01,-4.20239978077455715891816434570671e+00
4.15000019711442291736602783203125e-01,-4.20313450420378942025759205769475e+00
4.16000019758939743041992187500000e-01,-4.20387056395098346241873121797994e+00
4.17000019806437194347381591796875e-01,-4.20460796379895031379611558541853e+00
4.18000019853934645652770996093750e-01,-4.20534670755816307246774399253297e+00
4.19000019901432096958160400390625e-01,-4.20608679906685604043756199210691e+00
4.20000019948929548263549804687500e-01,-4.20682824219114095140939491024312e+00
4.21000019996426999568939208984375e-01,-4.20757104082511163879731785897320e+00
4.22000020043924450874328613281250e-01,-4.20831519889096172587147903776383e+00
4.23000020091421902179718017578125e-01,-4.20906072033909605745530257969733e+00
4.24000020138919353485107421875000e-01,-4.20980760914824610544049399152300e+00
4.25000020186416804790496826171875e-01,-4.21055586932559129708167344752212e+00
4.26000020233914256095886230468750e-01,-4.21130550490687446995100029489834e+00
4.27000020281411707401275634765625e-01,-4.21205651995652787184312715318413e+00
4.28000020328909158706665039062500e-01,-4.21280891856779368936231078279775e+00
4.29000020376406610012054443359375e-01,-4.21356270486285058819372895122513e+00
4.30000020423904061317443847656250e-01,-4.21431788299294054741042647727056e+00
4.31000020471401512622833251953125e-01,-4.21507445713849830757485870336154e+00
4.32000020518898963928222656250000e-01,-4.21583243150928268887234207085157e+00
4.33000020566396415233612060546875e-01,-4.21659181034450979575628482010075e+00
4.34000020613893866539001464843750e-01,-4.21735259791298541364595875435839e+00
4.35000020661391317844390869140625e-01,-4.21811479851324591877972935982655e+00
4.36000020708888769149780273437500e-01,-4.21887841647369416257437602091329e+00
4.37000020756386220455169677734375e-01,-4.21964345615274237120614908569394e+00
4.38000020803883671760559082031250e-01,-4.22040992193895119020258244191268e+00
4.39000020851381123065948486328125e-01,-4.22117781825117970940022815717896e+00
4.40000020898878574371337890625000e-01,-4.22194714953872816086410946212482e+00
4.41000020946376025676727294921875e-01,-4.22271792028148891615796367560165e+00
4.42000020993873476982116699218750e-01,-4.22349013499009485854418510797359e+00
4.43000021041370928287506103515625e-01,-4.22426379820607534893578405288395e+00
4.44000021088868379592895507812500e-01,-4.22503891450201079409490501070934e+00
4.45000021136365830898284912109375e-01,-4.22581548848168617920142975386000e+00
4.46000021183863282203674316406250e-01,-4.22659352478025546152526348286926e+00
4.47000021231360733509063720703125e-01,-4.22737302806439787638409510961424e+00
4.48000021278858184814453125000000e-01,-4.22815400303248516101703446956606e+00
4.49000021326355636119842529296875e-01,-4.22893645441474507395626658556864e+00
4.50000021373853087425231933593750e-01,-4.22972038697342955088087634862859e+00
4.51000021421350538730621337890625e-01,-4.23050580550298594697741783043909e+00
4.52000021468847990036010742187500e-01,-4.23129271483022539488902391546787e+00
4.53000021516345441341400146484375e-01,-4.23208111981450269207041814389925e+00
4.54000021563842892646789550781250e-01,-4.23287102534788733498166690694120e+00
4.55000021611340343952178955078125e-01,-4.23366243635534535020084612177982e+00
4.56000021658837795257568359375000e-01,-4.23445535779492113594504876239455e+00
4.57000021706335246562957763671875e-01,-4.23524979465791649030359522498657e+00
4.58000021753832697868347167968750e-01,-4.23604575196908218499142195767604e+00
4.59000021801330149173736572265625e-01,-4.23684323478680234086740652443837e+00
4.60000021848827600479125976562500e-01,-4.23764224820328453367801468942844e+00
4.61000021896325051784515380859375e-01,-4.23844279734475406226992810765353e+00
4.62000021943822503089904785156250e-01,-4.23924488737164876324056694834042e+00
4.63000021991319954395294189453125e-01,-4.24004852347881640902554911676248e+00
4.64000022038817405700683593750000e-01,-4.24085371089571227035119882486924e+00
4.65000022086314857006072998046875e-01,-4.24166045488660628038149469354323e+00
4.66000022133812308311462402343750e-01,-4.24246876075078387666530965738332e+00
4.67000022181309759616851806640625e-01,-4.24327863382275485967451422730790e+00
4.68000022228807210922241210937500e-01,-4.24409007947246294089466145393885e+00
4.69000022276304662227630615234375e-01,-4.24490310310549846155650510759472e+00
4.70000022323802113533020019531250e-01,-4.24571771016331348880604168449793e+00
4.71000022371299564838409423828125e-01,-4.24653390612343725014563022845948e+00
4.72000022418797016143798828125000e-01,-4.24735169649970021417059728996435e+00
4.73000022466294467449188232421875e-01,-4.24817108684245401404103170683868e+00
4.74000022513791918754577636718750e-01,-4.24899208273879592286798034805884e+00
4.75000022561289370059967041015625e-01,-4.24981468981280211590773054908254e+00
4.76000022608786821365356445312500e-01,-4.25063891372575055564025925392002e+00
4.77000022656284272670745849609375e-01,-4.25146476017636233083601959847897e+00
4.78000022703781723976135253906250e-01,-4.25229223490103223730141035474617e+00
4.79000022751279175281524658203125e-01,-4.25312134367407206200425995312742e+00
4.80000022798776626586914062500000e-01,-4.25395209230794941719991375528309e+00
4.81000022846274077892303466796875e-01,-4.25478448665353221284229912058095e+00
4.82000022893771529197692871093750e-01,-4.25561853260034139061554481209271e+00
4.83000022941268980503082275390625e-01,-4.25645423607679374705670127809753e+00
4.84000022988766431808471679687500e-01,-4.25729160305046280994567542421692e+00
4.85000023036263883113861083984375e-01,-4.25813063952832942561654849811248e+00
4.86000023083761334419250488281250e-01,-4.25897135155704328239936740096994e+00
4.87000023131258785724639892578125e-01,-4.25981374522318609289125990180480e+00
4.88000023178756237030029296875000e-01,-4.26065782665353559111390269187325e+00
4.89000023226253688335418701171875e-01,-4.26150360201533594424472273232141e+00
4.90000023273751139640808105468750e-01,-4.26235107751656474781021266551306e+00
4.91000023321248590946197509765625e-01,-4.26320025940621554752171795676929e+00
4.92000023368746042251586914062500e-01,-4.26405115397456711736484669117431e+00
4.93000023416243493556976318359375e-01,-4.26490376755347071983243134596364e+00
4.94000023463740944862365722656250e-01,-4.26575810651663106694286842213160e+00
4.95000023511238396167755126953125e-01,-4.26661417727989566734542181691836e+00
4.96000023558735847473144531250000e-01,-4.26747198630154570995684504275403e+00
4.97000023606233298778533935546875e-01,-4.26833154008258674159959067395675e+00
4.98000023653730750083923339843750e-01,-4.26919284516705225878893670277137e+00
4.99000023701228201389312744140625e-01,-4.27005590814230022618513959997699e+00
5.00000023748725652694702148437500e-01,-4.27092073563931778120567051004741e+00
5.01000023796223104000091552734375e-01,-4.27178733433303182065107761467004e+00
5.02000023843720555305480957031250e-01,-4.27265571094261605760225575245670e+00
5.03000023891218006610870361328125e-01,-4.27352587223181173145883371411458e+00
5.04000023938715457916259765625000e-01,-4.27439782500924089639685043984230e+00
5.05000023986212909221649169921875e-01,-4.27527157612873125961533427030759e+00
5.06000024033710360527038574218750e-01,-4.27614713248964161199094924370456e+00
5.07000024081207811832427978515625e-01,-4.27702450103719141166064288128723e+00
5.08000024128705263137817382812500e-01,-4.27790368876279323553588063155928e+00
5.09000024176202714443206787109375e-01,-4.27878470270439171434587177778042e+00
5.10000024223700165748596191406250e-01,-4.27966754994680297595477380667717e+00
5.11000024271197617053985595703125e-01,-4.28055223762205954915471828314821e+00
5.12000024318695068359375000000000e-01,-4.28143877290976033805555700517687e+00
5.13000024366192519664764404296875e-01,-4.28232716303742167764101456128856e+00
5.14000024413689970970153808593750e-01,-4.28321741528083558322309576382736e+00
5.15000024461187422275543212890625e-01,-4.28410953696442916563066893864686e+00
5.16000024508684873580932617187500e-01,-4.28500353546163203870278390894555e+00
5.17000024556182324886322021484375e-01,-4.28589941819524226787954668260738e+00
5.18000024603679776191711425781250e-01,-4.28679719263780086534187940827678e+00
5.19000024651177227497100830078125e-01,-4.28769686631197014057420568988732e+00
5.20000024698674678802490234375000e-01,-4.28859844679091459489911342117807e+00
5.21000024746172130107879638671875e-01,-4.28950194169868712643425845421064e+00
5.22000024793669581413269042968750e-01,-4.29040735871062085425228782575857e+00
5.23000024841167032718658447265625e-01,-4.29131470555372179645839403328011e+00
5.24000024888664484024047851562500e-01,-4.29222399000707116991162881625144e+00
5.25000024936161935329437255859375e-01,-4.29313521990222727621466791703142e+00
5.26000024983659386634826660156250e-01,-4.29404840312363483573881994814769e+00
5.27000025031156837940216064453125e-01,-4.29496354760903884537417973810136e+00
5.28000025078654289245605468750000e-01,-4.29588066134990162990570095047360e+00
5.29000025126151740550994873046875e-01,-4.29679975239182778464636092152773e+00
5.30000025173649191856384277343750e-01,-4.29772082883498940169761382001923e+00
5.31000025221146643161773681640625e-01,-4.29864389883455930933126021287194e+00
5.32000025268644094467163085937500e-01,-4.29956897060115008236264033669727e+00
5.33000025316141545772552490234375e-01,-4.30049605240125513592672201745870e+00
5.34000025363638997077941894531250e-01,-4.30142515255769640816763121904387e+00
5.35000025411136448383331298828125e-01,-4.30235627945007918001424362941520e+00
5.36000025458633899688720703125000e-01,-4.30328944151524704457567604976020e+00
5.37000025506131350994110107421875e-01,-4.30422464724774601766213444342668e+00
5.38000025553628802299499511718750e-01,-4.30516190520029506764998483703266e+00
5.39000025601126253604888916015625e-01,-4.30610122398425767794097329677072e+00
5.40000025648623704910278320312500e-01,-4.30704261227012255314888777846249e+00
5.41000025696121156215667724609375e-01,-4.30798607878798738447106986271251e+00
5.42000025743618607521057128906250e-01,-4.30893163232805241971701271097572e+00
5.43000025791116058826446533203125e-01,-4.30987928174111316033736973629686e+00
5.44000025838613510131835937500000e-01,-4.31082903593906396465945674023601e+00
5.45000025886110961437225341796875e-01,-4.31178090389540547011648641273496e+00
5.46000025933608412742614746093750e-01,-4.31273489464575853977179598075509e+00
5.47000025981105864048004150390625e-01,-4.31369101728838361120565991768672e+00
5.48000026028603315353393554687500e-01,-4.31464928098470794880225920309158e+00
5.49000026076100766658782958984375e-01,-4.31560969495985433238768869124158e+00
5.50000026123598217964172363281250e-01,-4.31657226850318241715559475224495e+00
5.51000026171095669269561767578125e-01,-4.31753701096883047479829675907581e+00
5.52000026218593120574951171875000e-01,-4.31850393177626682870637320199592e+00
5.53000026266090571880340576171875e-01,-4.31947304041084766861383070768454e+00
5.54000026313588023185729980468750e-01,-4.32044434642437986905313951346841e+00
5.55000026361085474491119384765625e-01,-4.32141785943569256512805654146803e+00
5.56000026408582925796508789062500e-01,-4.32239358913121118422120958690869e+00
5.57000026456080377101898193359375e-01,-4.32337154526554436756446975209656e+00
5.58000026503577828407287597656250e-01,-4.32435173766207179646761660229970e+00
5.59000026551075279712677001953125e-01,-4.32533417621354263505467629968848e+00
5.60000026598572731018066406250000e-01,-4.32631887088268174499511298236598e+00
5.61000026646070182323455810546875e-01,-4.32730583170279978037775503452167e+00
5.62000026693567633628845214843750e-01,-4.32829506877841222161479306507204e+00
5.63000026741065084934234619140625e-01,-4.32928659228586597057172880020914e+00
5.64000026788562536239624023437500e-01,-4.33028041247397335209920465892708e+00
5.65000026836059987545013427734375e-01,-4.33127653966465262554835780051121e+00
5.66000026883557438850402832031250e-01,-4.33227498425357837293428464597866e+00
5.67000026931054890155792236328125e-01,-4.33327575671083582578915760485927e+00
5.68000026978552341461181640625000e-01,-4.33427886758158883431443775258174e+00
5.69000027026049792766571044921875e-01,-4.33528432748674792413662304468858e+00
5.70000027073547244071960449218750e-01,-4.33629214712365502202087719219037e+00
5.71000027121044695377349853515625e-01,-4.33730233726676949086720203041523e+00
5.72000027168542146682739257812500e-01,-4.33831490876836599855648213264203e+00
5.73000027216039597988128662109375e-01,-4.33932987255924052872116392087776e+00
5.74000027263537049293518066406250e-01,-4.34034723964942414703091499994514e+00
5.75000027311034500598907470703125e-01,-4.34136702112890383907853331102444e+00
5.76000027358531951904296875000000e-01,-4.34238922816835622685294193701111e+00
5.77000027406029403209686279296875e-01,-4.34341387201988604269131677426685e+00
5.78000027453526854515075683593750e-01,-4.34444096401777618901562938447114e+00
5.79000027501024305820465087890625e-01,-4.34547051557924563511617344069293e+00
5.80000027548521757125854492187500e-01,-4.34650253820521683756697428613336e+00
5.81000027596019208431243896484375e-01,-4.34753704348109412712933274924865e+00
5.82000027643516659736633300781250e-01,-4.34857404307754849548395270630863e+00
5.83000027691014111042022705078125e-01,-4.34961354875131413211253317285809e+00
5.84000027738511562347412109375000e-01,-4.35065557234599451386786173046062e+00
5.85000027786009013652801513671875e-01,-4.35170012579287844621880876339048e+00
5.86000027833506464958190917968750e-01,-4.35274722111176460941084354061559e+00
5.87000027881003916263580322265625e-01,-4.35379687041180111388774531810952e+00
5.88000027928501367568969726562500e-01,-4.35484908589232749646924514053126e+00
5.89000027975998818874359130859375e-01,-4.35590387984373467525345269280024e+00
5.90000028023496270179748535156250e-01,-4.35696126464833189502121046920990e+00
5.91000028070993721485137939453125e-01,-4.35802125278122477877382201505441e+00
5.92000028118491172790527343750000e-01,-4.35908385681120411807645820267965e+00
5.93000028165988624095916748046875e-01,-4.36014908940164987389068174117313e+00
5.94000028213486075401306152343750e-01,-4.36121696331143817977962773291267e+00
5.95000028260983526706695556640625e-01,-4.36228749139586818774766419082312e+00
5.96000028308480978012084960937500e-01,-4.36336068660759492880002463621736e+00
5.97000028355978429317474365234375e-01,-4.36443656199757781160089575855920e+00
5.98000028403475880622863769531250e-01,-4.36551513071603816597970881829838e+00
5.99000028450973331928253173828125e-01,-4.36659640601342870095194492741086e+00
6.00000028498470783233642578125000e-01,-4.36768040124142191589495798353937e+00
6.01000028545968234539031982421875e-01,-4.36876712985389850695330804519756e+00
6.02000028593465685844421386718750e-01,-4.36985660540796139184038793246145e+00
6.03000028640963137149810791015625e-01,-4.37094884156495447347090532730363e+00
6.04000028688460588455200195312500e-01,-4.37204385209149812502663068336517e+00
6.05000028735958039760589599609375e-01,-4.37314165086053442373439925638934e+00
6.06000028783455491065979003906250e-01,-4.37424225185239342423779151936003e+00
6.07000028830952942371368408203125e-01,-4.37534566915586181417782696279062e+00
6.08000028878450393676757812500000e-01,-4.37645191696927552803958461069556e+00
6.09000028925947844982147216796875e-01,-4.37756100960162154158913927481933e+00
6.10000028973445296287536621093750e-01,-4.37867296147365462006054159793678e+00
6.11000029020942747592926025390625e-01,-4.37978778711902923780063812131402e+00
6.12000029068440198898315429687500e-01,-4.38090550118544634974893092760340e+00
6.13000029115937650203704833984375e-01,-4.38202611843581382429849147008838e+00
6.14000029163435101509094238281250e-01,-4.38314965374942472385935698930837e+00
6.15000029210932552814483642578125e-01,-4.38427612212314659874759503743746e+00
6.16000029258430004119873046875000e-01,-4.38540553867263137874724088227651e+00
6.17000029305927455425262451171875e-01,-4.38653791863353961690691340535864e+00
6.18000029353424906730651855468750e-01,-4.38767327736277756855542975245044e+00
6.19000029400922358036041259765625e-01,-4.38881163033975768865066480195480e+00
6.20000029448419809341430664062500e-01,-4.38995299316766760802308033895258e+00
6.21000029495917260646820068359375e-01,-4.39109738157476219575295339758725e+00
6.22000029543414711952209472656250e-01,-4.39224481141566920920291106078537e+00
6.23000029590912163257598876953125e-01,-4.39339529867271602484382619913106e+00
6.24000029638409614562988281250000e-01,-4.39454885945727107129585298217478e+00
6.25000029685907065868377685546875e-01,-4.39570551001110312958758408186100e+00
6.26000029733404517173767089843750e-01,-4.39686526670776347408553519358065e+00
6.27000029780901968479156494140625e-01,-4.39802814605397888059884481393169e+00
6.28000029828399419784545898437500e-01,-4.39919416469107246898950780433779e+00
6.29000029875896871089935302734375e-01,-4.40036333939639629246262653161637e+00
6.30000029923394322395324707031250e-01,-4.40153568708478740850731369960158e+00
6.31000029970891773700714111328125e-01,-4.40271122481004306779134305216417e+00
6.32000030018389225006103515625000e-01,-4.40388996976641801167282053164342e+00
6.33000030065886676311492919921875e-01,-4.40507193929013617615664255566799e+00
6.34000030113384127616882324218750e-01,-4.40625715086093081018780992508255e+00
6.35000030160881578922271728515625e-01,-4.40744562210360086868671247728457e+00
6.36000030208379030227661132812500e-01,-4.40863737078959057368379714780815e+00
6.37000030255876481533050537109375e-01,-4.40983241483859040362597303541747e+00
6.38000030303373932838439941406250e-01,-4.41103077232016139519812925051667e+00
6.39000030350871384143829345703125e-01,-4.41223246145538252520681976598382e+00
6.40000030398368835449218750000000e-01,-4.41343750061851608198007501648874e+00
6.41000030445866286754608154296875e-01,-4.41464590833870323049667461212664e+00
6.42000030493363738059997558593750e-01,-4.41585770330168018299454857356068e+00
6.43000030540861189365386962890625e-01,-4.41707290435151838248889477611669e+00
6.44000030588358640670776367187500e-01,-4.41829153049238818051769328576484e+00
6.45000030635856091976165771484375e-01,-4.41951360089035290203834938083105e+00
6.46000030683353543281555175781250e-01,-4.42073913487517893092931808851631e+00
6.47000030730850994586944580078125e-01,-4.42196815194218197748662890766980e+00
6.48000030778348445892333984375000e-01,-4.42320067175409083193304837777760e+00
6.49000030825845897197723388671875e-01,-4.42443671414294513889037263609794e+00
6.50000030873343348503112792968750e-01,-4.42567629911201400414594298027282e+00
6.51000030920840799808502197265625e-01,-4.42691944683774771729031782818709e+00
6.52000030968338251113891601562500e-01,-4.42816617767175529918333154455468e+00
6.53000031015835702419281005859375e-01,-4.42941651214280799004133215568402e+00
6.54000031063333153724670410156250e-01,-4.43067047095887515516937638082595e+00
6.55000031110830605030059814453125e-01,-4.43192807500919031503394673876528e+00
6.56000031158328056335449218750000e-01,-4.43318934536634495172796599504750e+00
6.57000031205825507640838623046875e-01,-4.43445430328841505747405893345103e+00
6.58000031253322958946228027343750e-01,-4.43572297022111779272318665690022e+00
6.59000031300820410251617431640625e-01,-4.43699536779999781279520965071583e+00
6.60000031348317861557006835937500e-01,-4.43827151785264959566942866153738e+00
6.61000031395815312862396240234375e-01,-4.43955144240097156118490806520072e+00
6.62000031443312764167785644531250e-01,-4.44083516366345286462483099576559e+00
6.63000031490810215473175048828125e-01,-4.44212270405749409980800113117994e+00
6.64000031538307666778564453125000e-01,-4.44341408620176316675992600480072e+00
6.65000031585805118083953857421875e-01,-4.44470933291858825032322188874900e+00
6.66000031633302569389343261718750e-01,-4.44600846723638068415038193670341e+00
6.67000031680800020694732666015625e-01,-4.44731151239210241226870734543297e+00
6.68000031728297472000122070312500e-01,-4.44861849183376431224323788171660e+00
6.69000031775794923305511474609375e-01,-4.44992942922296621371947011880366e+00
6.70000031823292374610900878906250e-01,-4.45124434843747371825725678284869e+00
6.71000031870789825916290283203125e-01,-4.45256327357383516673747236858105e+00
6.72000031918287277221679687500000e-01,-4.45388622895003713150763324790660e+00
6.73000031965784728527069091796875e-01,-4.45521323910820251290240689989730e+00
6.74000032013282179832458496093750e-01,-4.45654432881732763494994631336965e+00
6.75000032060779631137847900390625e-01,-4.45787952307606581865695449806708e+00
6.76000032108277082443237304687500e-01,-4.45921884711554780082037874322509e+00
6.77000032155774533748626708984375e-01,-4.46056232640225359389538062337976e+00
6.78000032203271985054016113281250e-01,-4.46190998664092245860543495261652e+00
6.79000032250769436359405517578125e-01,-4.46326185377751056410078334124591e+00
6.80000032298266887664794921875000e-01,-4.46461795400219621466827990552417e+00
6.81000032345764338970184326171875e-01,-4.46597831375242975164227554607521e+00
6.82000032393261790275573730468750e-01,-4.46734295971603449001280372598899e+00
6.83000032440759241580963134765625e-01,-4.46871191883435378089731160322629e+00
6.84000032488256692886352539062500e-01,-4.47008521830545305086879181999393e+00
6.85000032535754144191741943359375e-01,-4.47146288558736220396239158247909e+00
6.86000032583251595497131347656250e-01,-4.47284494840138254542066809094081e+00
6.87000032630749046802520751953125e-01,-4.47423143473543776004255900780038e+00
6.88000032678246498107910156250000e-01,-4.47562237284748243304477455239976e+00
6.89000032725743949413299560546875e-01,-4.47701779126896605171676002399295e+00
6.90000032773241400718688964843750e-01,-4.47841771880834719782998876169700e+00
6.91000032820738852024078369140625e-01,-4.47982218455467522556096016117522e+00
6.92000032868236303329467773437500e-01,-4.48123121788121831464424271729285e+00
6.93000032915733754634857177734375e-01,-4.48264484844915915735807931952195e+00
6.94000032963231205940246582031250e-01,-4.48406310621134814465432727459415e+00
6.95000033010728657245635986328125e-01,-4.48548602141611805864396256282589e+00
6.96000033058226108551025390625000e-01,-4.48691362461116003378103211929329e+00
6.97000033105723559856414794921875e-01,-4.48834594664747033726515113016831e+00
6.98000033153221011161804199218750e-01,-4.48978301868335266449835940782975e+00
6.99000033200718462467193603515625e-01,-4.49122487218849308215906646069016e+00
7.00000033248215913772583007812500e-01,-4.49267153894810432595424698476450e+00
7.01000033295713365077972412109375e-01,-4.49412305106713424757841623957688e+00
7.02000033343210816383361816406250e-01,-4.49557944097454815091802204918281e+00
7.03000033390708267688751220703125e-01,-4.49704074142768541995709985492624e+00
7.04000033438205718994140625000000e-01,-4.49850698551668377964812828295749e+00
7.05000033485703170299530029296875e-01,-4.49997820666898298109723230986390e+00
7.06000033533200621604919433593750e-01,-4.50145443865390654410163495668940e+00
7.07000033580698072910308837890625e-01,-4.50293571558731717295945284895708e+00
7.08000033628195524215698242187500e-01,-4.50442207193635411237656041016919e+00
7.09000033675692975521087646484375e-01,-4.50591354252425375405410878926205e+00
7.10000033723190426826477050781250e-01,-4.50741016253525220592451860923688e+00
7.11000033770687878131866455078125e-01,-4.50891196751956999056940023073992e+00
7.12000033818185329437255859375000e-01,-4.51041899339848782355885670192208e+00
7.13000033865682780742645263671875e-01,-4.51193127646950582635212989579543e+00
7.14000033913180232048034667968750e-01,-4.51344885341160018902423312070482e+00
7.15000033960677683353424072265625e-01,-4.51497176129056510549344971572339e+00
7.16000034008175134658813476562500e-01,-4.51650003756445335943714436410801e+00
7.17000034055672585964202880859375e-01,-4.51803372008910912724019559583155e+00
7.18000034103170037269592285156250e-01,-4.51957284712380195782280289940047e+00
7.19000034150667488574981689453125e-01,-4.52111745733696136469517701250709e+00
7.20000034198164939880371093750000e-01,-4.52266758981201222539550443890732e+00
7.21000034245662391185760498046875e-01,-4.52422328405331472056874475562438e+00
7.22000034293159842491149902343750e-01,-4.52578457999221265856820695105966e+00
7.23000034340657293796539306640625e-01,-4.52735151799319173165220275834031e+00
7.24000034388154745101928710937500e-01,-4.52892413886014413978639558955308e+00
7.25000034435652196407318115234375e-01,-4.53050248384275305738380645870222e+00
7.26000034483149647712707519531250e-01,-4.53208659464299117242483405654241e+00
7.27000034530647099018096923828125e-01,-4.53367651342173901734058927281978e+00
7.28000034578144550323486328125000e-01,-4.53527228280552371355791030360649e+00
7.29000034625642001628875732421875e-01,-4.53687394589338605999442877170225e+00
7.30000034673139452934265136718750e-01,-4.53848154626386744497565373102077e+00
7.31000034720636904239654541015625e-01,-4.54009512798213310221309702008341e+00
7.32000034768134355545043945312500e-01,-4.54171473560722659601127104700424e+00
7.33000034815631806850433349609375e-01,-4.54334041419945929918614013764966e+00
7.34000034863129258155822753906250e-01,-4.54497220932793955048417666731098e+00
7.35000034910626709461212158203125e-01,-4.54661016707824342571869769003001e+00
7.36000034958124160766601562500000e-01,-4.54825433406023198678810870454470e+00
7.37000035005621612071990966796875e-01,-4.54990475741601544442532789602751e+00
7.38000035053119063377380371093750e-01,-4.55156148482806967867433933783161e+00
7.39000035100616514682769775390625e-01,-4.55322456452751115132948633856813e+00
7.40000035148113965988159179687500e-01,-4.55489404530252584664060111485639e+00
7.41000035195611417293548583984375e-01,-4.55656997650696511366688601363251e+00
7.42000035243108868598937988281250e-01,-4.55825240806910891118094997231935e+00
7.43000035290606319904327392578125e-01,-4.55994139050059437302114817569532e+00
7.44000035338103771209716796875000e-01,-4.56163697490552127490615053062584e+00
7.45000035385601222515106201171875e-01,-4.56333921298974072621248976311392e+00
7.46000035433098673820495605468750e-01,-4.56504815707031932512857674844042e+00
7.47000035480596125125885009765625e-01,-4.56676386008519593229931787803366e+00
7.48000035528093576431274414062500e-01,-4.56848637560302520826960304134445e+00
7.49000035575591027736663818359375e-01,-4.57021575783322417645820889831043e+00
7.50000035623088479042053222656250e-01,-4.57195206163621177021527675066181e+00
7.51000035670585930347442626953125e-01,-4.57369534253385723278004237890570e+00
7.52000035718083381652832031250000e-01,-4.57544565672014398160366566159496e+00
7.53000035765580832958221435546875e-01,-4.57720306107204129688129090602899e+00
7.54000035813078284263610839843750e-01,-4.57896761316060136670982871898161e+00
7.55000035860575735569000244140625e-01,-4.58073937126228678332062749234410e+00
7.56000035908073186874389648437500e-01,-4.58251839437051863368824400346568e+00
7.57000035955570638179779052734375e-01,-4.58430474220747250987950671685667e+00
7.58000036003068089485168457031250e-01,-4.58609847523611591961836819741904e+00
7.59000036050565540790557861328125e-01,-4.58789965467249377314984393194663e+00
7.60000036098062992095947265625000e-01,-4.58970834249826998077481654547682e+00
7.61000036145560443401336669921875e-01,-4.59152460147353111983084539282629e+00
7.62000036193057894706726074218750e-01,-4.59334849514986432198956900485598e+00
7.63000036240555346012115478515625e-01,-4.59518008788370034686451837124821e+00
7.64000036288052797317504882812500e-01,-4.59701944484994995268958839496065e+00
7.65000036335550248622894287109375e-01,-4.59886663205592543472027822204495e+00
7.66000036383047699928283691406250e-01,-4.60072171635555954944882262047656e+00
7.67000036430545151233673095703125e-01,-4.60258476546392971762503010246803e+00
7.68000036478042602539062500000000e-01,-4.60445584797209942233206514394794e+00
7.69000036525540053844451904296875e-01,-4.60633503336227221984511270846951e+00
7.70000036573037505149841308593750e-01,-4.60822239202328343479764249934760e+00
7.71000036620534956455230712890625e-01,-4.61011799526642666565215411544898e+00
7.72000036668032407760620117187500e-01,-4.61202191534162558210832583149852e+00
7.73000036715529859066009521484375e-01,-4.61393422545396618330432181309675e+00
7.74000036763027310371398925781250e-01,-4.61585499978058986072018687885077e+00
7.75000036810524761676788330078125e-01,-4.61778431348796907732895400400253e+00
7.76000036858022212982177734375000e-01,-4.61972224274955828131339341524608e+00
7.77000036905519664287567138671875e-01,-4.62166886476384906759853898883250e+00
7.78000036953017115592956542968750e-01,-4.62362425777282941589604869925267e+00
7.79000037000514566898345947265625e-01,-4.62558850108085845920583012436111e+00
7.80000037048012018203735351562500e-01,-4.62756167507397334634836050248907e+00
7.81000037095509469509124755859375e-01,-4.62954386123963678454154568875367e+00
7.82000037143006920814514160156250e-01,-4.63153514218693235183696432777367e+00
7.83000037190504372119903564453125e-01,-4.63353560166722980642739493362114e+00
7.84000037238001823425292968750000e-01,-4.63554532459533015628302954347362e+00
7.85000037285499274730682373046875e-01,-4.63756439707109800827528056643700e+00
7.86000037332996726036071777343750e-01,-4.63959290640160176583811635353527e+00
7.87000037380494177341461181640625e-01,-4.64163094112377005735076140879869e+00
7.88000037427991628646850585937500e-01,-4.64367859102759141659566566318063e+00
7.89000037475489079952239990234375e-01,-4.64573594717985188752226721753402e+00
7.90000037522986531257629394531250e-01,-4.64780310194844494551050240183088e+00
7.91000037570483982563018798828125e-01,-4.64988014902726100232438488646380e+00
7.92000037617981433868408203125000e-01,-4.65196718346167689727213567785213e+00
7.93000037665478885173797607421875e-01,-4.65406430167465693173434182483561e+00
7.94000037712976336479187011718750e-01,-4.65617160149349389782619246247464e+00
7.95000037760473787784576416015625e-01,-4.65828918217719251809727509794357e+00
7.96000037807971239089965820312500e-01,-4.66041714444453325505435259401565e+00
7.97000037855468690395355224609375e-01,-4.66255559050282202817813703710215e+00
7.98000037902966141700744628906250e-01,-4.66470462407735325096810874434539e+00
7.99000037950463593006134033203125e-01,-4.66686435044160502494392517291999e+00
8.00000037997961044311523437500000e-01,-4.66903487644819119523412198624612e+00
8.01000038045458495616912841796875e-01,-4.67121631056058535767794293036559e+00
8.02000038092955946922302246093750e-01,-4.67340876288565072391167909415799e+00
8.03000038140453398227691650390625e-01,-4.67561234520699594251202935168976e+00
8.04000038187950849533081054687500e-01,-4.67782717101917851036663176245156e+00
8.05000038235448300838470458984375e-01,-4.68005335556278521469755760087139e+00
8.06000038282945752143859863281250e-01,-4.68229101586041813803582001263237e+00
8.07000038330443203449249267578125e-01,-4.68454027075361637173778195375462e+00
8.08000038377940654754638671875000e-01,-4.68680124094072723863607654593011e+00
8.09000038425438106060028076171875e-01,-4.68907404901578209318810386285747e+00
8.10000038472935557365417480468750e-01,-4.69135881950838564379002715298839e+00
8.11000038520433008670806884765625e-01,-4.69365567892466689636776777660998e+00
8.12000038567930459976196289062500e-01,-4.69596475578931219028305799056966e+00
8.13000038615427911281585693359375e-01,-4.69828618068872998084564707177435e+00
8.14000038662925362586975097656250e-01,-4.70062008631536677218110131803996e+00
8.15000038710422813892364501953125e-01,-4.70296660751322573995603093521822e+00
8.16000038757920265197753906250000e-01,-4.70532588132462279567613805397741e+00
8.17000038805417716503143310546875e-01,-4.70769804703821645192746148111951e+00
8.18000038852915167808532714843750e-01,-4.71008324623835888857875664470498e+00
8.19000038900412619113922119140625e-01,-4.71248162285580836925250047819702e+00
8.20000038947910070419311523437500e-01,-4.71489332321985477828457655746774e+00
8.21000038995407521724700927734375e-01,-4.71731849611189183856668760697062e+00
8.22000039042904973030090332031250e-01,-4.71975729282050138332568756105445e+00
8.23000039090402424335479736328125e-01,-4.72220986719809227493901970795775e+00
8.24000039137899875640869140625000e-01,-4.72467637571914319313121088939056e+00
8.25000039185397326946258544921875e-01,-4.72715697754011367074170046898018e+00
8.26000039232894778251647949218750e-01,-4.72965183456107868611995037610995e+00
8.27000039280392229557037353515625e-01,-4.73216111148913262359275155866101e+00
8.28000039327889680862426757812500e-01,-4.73468497590364882426569592688281e+00
8.29000039375387132167816162109375e-01,-4.73722359832343998045645072636489e+00
8.30000039422884583473205566406250e-01,-4.73977715227589446820438690011201e+00
8.31000039470382034778594970703125e-01,-4.74234581436815713900018165460892e+00
8.32000039517879486083984375000000e-01,-4.74492976436042821365007826628357e+00
8.33000039565376937389373779296875e-01,-4.74752918524146029846666472451489e+00
8.34000039612874388694763183593750e-01,-4.75014426330631841198515186164286e+00
8.35000039660371840000152587890625e-01,-4.75277518823650520609150338380289e+00
8.36000039707869291305541992187500e-01,-4.75542215318252521009251276851160e+00
8.37000039755366742610931396484375e-01,-4.75808535484897883937813189980659e+00
8.38000039802864193916320800781250e-01,-4.76076499358228524567265838030039e+00
8.39000039850361645221710205078125e-01,-4.76346127346112958303100959334131e+00
8.40000039897859096527099609375000e-01,-4.76617440238972754412358212583456e+00
8.41000039945356547832489013671875e-01,-4.76890459219403033217649090502732e+00
8.42000039992853999137878417968750e-01,-4.77165205872097235610326815269389e+00
8.43000040040351450443267822265625e-01,-4.77441702194087368073954769087663e+00
8.44000040087848901748657226562500e-01,-4.77719970605312766126840373637208e+00
8.45000040135346353054046630859375e-01,-4.78000033959529416986017347213078e+00
8.46000040182843804359436035156250e-01,-4.78281915555573889156648625942125e+00
8.47000040230341255664825439453125e-01,-4.78565639148994229241929065921113e+00
8.48000040277838706970214843750000e-01,-4.78851228964064251419560647171636e+00
8.49000040325336158275604248046875e-01,-4.79138709706195254712027264965002e+00
8.50000040372833609580993652343750e-01,-4.79428106574761092682074314907936e+00
8.51000040420331060886383056640625e-01,-4.79719445276353529707125122882871e+00
8.52000040467828512191772460937500e-01,-4.80012752038485952452151472868991e+00
8.53000040515325963497161865234375e-01,-4.80308053623761491406768397993687e+00
8.54000040562823414802551269531250e-01,-4.80605377344527557020165131618228e+00
8.55000040610320866107940673828125e-01,-4.80904751078035138604077625146260e+00
8.56000040657818317413330078125000e-01,-4.81206203282124039084452493675315e+00
8.57000040705315768718719482421875e-01,-4.81509763011456564914605782412593e+00
8.58000040752813220024108886718750e-01,-4.81815459934322295933867286166219e+00
8.59000040800310671329498291015625e-01,-4.82123324350039511674431702559218e+00
8.60000040847808122634887695312500e-01,-4.82433387206976053681109495308021e+00
8.61000040895305573940277099609375e-01,-4.82745680121220017890631970303161e+00
8.62000040942803025245666503906250e-01,-4.83060235395925703563019260045053e+00
8.63000040990300476551055908203125e-01,-4.83377086041365417422299710636935e+00
8.64000041037797927856445312500000e-01,-4.83696265795718140191247758075122e+00
8.65000041085295379161834716796875e-01,-4.84017809146628891865324351151401e+00
8.66000041132792830467224121093750e-01,-4.84341751353570056613795369315767e+00
8.67000041180290281772613525390625e-01,-4.84668128471045073224487964580476e+00
8.68000041227787733078002929687500e-01,-4.84996977372669740109431546493113e+00
8.69000041275285184383392333984375e-01,-4.85328335776172523899005262215667e+00
8.70000041322782635688781738281250e-01,-4.85662242269355848896944527481878e+00
8.71000041370280086994171142578125e-01,-4.85998736337063172354561180199539e+00
8.72000041417777538299560546875000e-01,-4.86337858389199916659892397596821e+00
8.73000041465274989604949951171875e-01,-4.86679649789855305009808605909427e+00
8.74000041512772440910339355468750e-01,-4.87024152887581154641391534276806e+00
8.75000041560269892215728759765625e-01,-4.87371411046880248160717563621347e+00
8.76000041607767343521118164062500e-01,-4.87721468680964352539891626392432e+00
8.77000041655264794826507568359375e-01,-4.88074371285842767377236017800612e+00
8.78000041702762246131896972656250e-01,-4.88430165475808340152033548697830e+00
8.79000041750259697437286376953125e-01,-4.88788899020387606654536316597159e+00
8.80000041797757148742675781250000e-01,-4.89150620882831312389790734407313e+00
8.81000041845254600048065185546875e-01,-4.89515381260220739908020637365382e+00
8.82000041892752051353454589843750e-01,-4.89883231625272867575116020333326e+00
8.83000041940249502658843994140625e-01,-4.90254224769931135899034280178910e+00
8.84000041987746953964233398437500e-01,-4.90628414850834326842513033462012e+00
8.85000042035244405269622802734375e-01,-4.91005857436761907353767186990012e+00
8.86000042082741856575012207031250e-01,-4.91386609558158054394949587617702e+00
8.87000042130239307880401611328125e-01,-4.91770729758847375536964796616246e+00
8.88000042177736759185791015625000e-01,-4.92158278150057579714699018680335e+00
8.89000042225234210491180419921875e-01,-4.92549316466874502950731851136368e+00
8.90000042272731661796569824218750e-01,-4.92943908127261873862445806793176e+00
8.91000042320229113101959228515625e-01,-4.93342118293788114329403993174594e+00
8.92000042367726564407348632812500e-01,-4.93744013938207343232533741428369e+00
8.93000042415224015712738037109375e-01,-4.94149663909058803031373874325993e+00
8.94000042462721467018127441406250e-01,-4.94559139002452408410623330148326e+00
8.95000042510218918323516845703125e-01,-4.94972512036223168379461823107590e+00
8.96000042557716369628906250000000e-01,-4.95389857927649401815248242364476e+00
8.97000042605213820934295654296875e-01,-4.95811253774941256130745492747280e+00
8.98000042652711272239685058593750e-01,-4.96236778942722570138329496458596e+00
8.99000042700208723545074462890625e-01,-4.96666515151740578428579686587341e+00
9.00000042747706174850463867187500e-01,-4.97100546573060639906488367145698e+00
9.01000042795203626155853271484375e-01,-4.97538959927014488035870720672449e+00
9.02000042842701077461242675781250e-01,-4.97981844587194833829171813910364e+00
9.03000042890198528766632080078125e-01,-4.98429292689806774461352967264816e+00
9.04000042937695980072021484375000e-01,-4.98881399248713227169774175884243e+00
9.05000042985193431377410888671875e-01,-4.99338262276529168143951453728846e+00
9.06000043032690882682800292968750e-01,-4.99799982912156149457080789311192e+00
9.07000043080188333988189697265625e-01,-5.00266665555168190673493433529018e+00
9.08000043127685785293579101562500e-01,-5.00738418007497611099398948653061e+00
9.09000043175183236598968505859375e-01,-5.01215351622900821999817555507661e+00
9.10000043222680687904357910156250e-01,-5.01697581464724122772211312160096e+00
9.11000043270178139209747314453125e-01,-5.02185226472525460565329846751581e+00
9.12000043317675590515136718750000e-01,-5.02678409638159756547132195336758e+00
9.13000043365173041820526123046875e-01,-5.03177258191976738621251086236441e+00
9.14000043412670493125915527343750e-01,-5.03681903799838388531909250112051e+00
9.15000043460167944431304931640625e-01,-5.04192482771718121113344035499892e+00
9.16000043507665395736694335937500e-01,-5.04709136282708748736519632771547e+00
9.17000043555162847042083740234375e-01,-5.05232010607337092555901847390487e+00
9.18000043602660298347473144531250e-01,-5.05761257368154408965016388677327e+00
9.19000043650157749652862548828125e-01,-5.06297033799664913424065648683836e+00
9.20000043697655200958251953125000e-01,-5.06839503028737481480497928387763e+00
9.21000043745152652263641357421875e-01,-5.07388834372754030750327092214036e+00
9.22000043792650103569030761718750e-01,-5.07945203656856406363925837688100e+00
9.23000043840147554874420166015625e-01,-5.08508793551782053640741843025808e+00
9.24000043887645006179809570312500e-01,-5.09079793933907235638225419194214e+00
9.25000043935142457485198974609375e-01,-5.09658402269279885892297454752509e+00
9.26000043982639908790588378906250e-01,-5.10244824023581043052205652443831e+00
9.27000044030137360095977783203125e-01,-5.10839273100146725077597142927743e+00
9.28000044077634811401367187500000e-01,-5.11441972308385501156530184019289e+00
9.29000044125132262706756591796875e-01,-5.12053153865160571873299533152135e+00
9.30000044172629714012145996093750e-01,-5.12673059931958983222871628626649e+00
9.31000044220127165317535400390625e-01,-5.13301943190955219748980442595609e+00
9.32000044267624616622924804687500e-01,-5.13940067463403565386700910799789e+00
9.33000044315122067928314208984375e-01,-5.14587708374142660441158403372697e+00
9.34000044362619519233703613281250e-01,-5.15245154066403410111213423405729e+00
9.35000044410116970539093017578125e-01,-5.15912705971558633753423772638769e+00
9.36000044457614421844482421875000e-01,-5.16590679638964077758506165949370e+00
9.37000044505111873149871826171875e-01,-5.17279405631603662928455489300461e+00
9.38000044552609324455261230468750e-01,-5.17979230493909938506935652924312e+00
9.39000044600106775760650634765625e-01,-5.18690517798846279819147131462387e+00
9.40000044647604227066040039062500e-01,-5.19413649282174769974615435863541e+00
9.41000044695101678371429443359375e-01,-5.20149026072766859250459670072075e+00
9.42000044742599129676818847656250e-01,-5.20897070028884455472617531768265e+00
9.43000044790096580982208251953125e-01,-5.21658225191578960077201654321755e+00
9.44000044837594032287597656250000e-01,-5.22432959367739601242580649298475e+00
9.45000044885091483592987060546875e-01,-5.23221765856930968573851314928902e+00
9.46000044932588934898376464843750e-01,-5.24025165337975514043972191657872e+00
9.47000044980086386203765869140625e-01,-5.24843707933352123309878045631649e+00
9.48000045027583837509155273437500e-01,-5.25677975471908171195903336503363e+00
9.49000045075081288814544677734375e-01,-5.26528583973197314514053113398973e+00
9.50000045122578740119934082031250e-01,-5.27396186380006549206805877005877e+00
9.51000045170076191425323486328125e-01,-5.28281475569443097727029279297994e+00
9.52000045217573642730712890625000e-01,-5.29185187677360559504319281742823e+00
9.53000045265071094036102294921875e-01,-5.30108105776088611976043507567624e+00
9.54000045312568545341491699218750e-01,-5.31051063951502777191193693795412e+00
9.55000045360065996646881103515625e-01,-5.32014951832625128955514548501071e+00
9.56000045407563447952270507812500e-01,-5.33000719635403930832945329498784e+00
9.57000045455060899257659912109375e-01,-5.34009383792334919481212263114855e+00
9.58000045502558350563049316406250e-01,-5.35042033251537382104734419385750e+00
9.59000045550055801868438720703125e-01,-5.36099836543138941365171934450018e+00
9.60000045597553253173828125000000e-01,-5.37184049727941488258653457421588e+00
9.61000045645050704479217529296875e-01,-5.38296025363949771956953438412086e+00
9.62000045692548155784606933593750e-01,-5.39437222651296631025646943768947e+00
9.63000045740045607089996337890625e-01,-5.40609218946424475256071207063258e+00
9.64000045787543058395385742187500e-01,-5.41813722873471801701195094125296e+00
9.65000045835040509700775146484375e-01,-5.43052589306330388361360173021808e+00
9.66000045882537961006164550781250e-01,-5.44327836551087106435262152892562e+00
9.67000045930035412311553955078125e-01,-5.45641666128414310355659866402789e+00
9.68000045977532863616943359375000e-01,-5.46996485642771503596706872407651e+00
9.69000046025030314922332763671875e-01,-5.48394935335087447365529089715608e+00
9.70000046072527766227722167968750e-01,-5.49839919054619929343966089341222e+00
9.71000046120025217533111572265625e-01,-5.51334640563075255260613860563979e+00
9.72000046167522668838500976562500e-01,-5.52882646312009679500851233591163e+00
9.73000046215020120143890380859375e-01,-5.54487876129982259869322103185141e+00
9.74000046262517571449279785156250e-01,-5.56154723642138189331277087212868e+00
9.75000046310015022754669189453125e-01,-5.57888108754558575529819419713817e+00
9.76000046357512474060058593750000e-01,-5.59693565215007694671825455579039e+00
9.77000046405009925365447998046875e-01,-5.61577347177026030018015534395204e+00
9.78000046452507376670837402343750e-01,-5.63546559941973651325017313773458e+00
9.79000046500004827976226806640625e-01,-5.65609321776012704879529890966694e+00
9.80000046547502279281616210937500e-01,-5.67774966109416674578738715162274e+00
9.81000046594999730587005615234375e-01,-5.70054296849573041488720703817705e+00
9.82000046642497181892395019531250e-01,-5.72459914482815898379569619081053e+00
9.83000046689994633197784423828125e-01,-5.75006637907460022192396298379435e+00
9.84000046737492084503173828125000e-01,-5.77712057836806869640100536855698e+00
9.85000046784989535808563232421875e-01,-5.80597274311674034106764419327362e+00
9.86000046832486987113952636718750e-01,-5.83687897095536397263498828991146e+00
9.87000046879984438419342041015625e-01,-5.87015430086396580548757651030201e+00
9.88000046927481889724731445312500e-01,-5.90619231457455519341756544626776e+00
9.89000046974979341030120849609375e-01,-5.94549363114355507164976444300919e+00
9.90000047022476792335510253906250e-01,-5.98870862404653401265056111846263e+00
9.91000047069974243640899658203125e-01,-6.03670383373121010456285873146953e+00
9.92000047117471694946289062500000e-01,-6.09066983931865938263830462240378e+00
9.93000047164969146251678466796875e-01,-6.15230613720774491314305376654659e+00
9.94000047212466597557067871093750e-01,-6.22416015529137118611827106384737e+00
9.95000047259964048862457275390625e-01,-6.31030606454619127747285300955582e+00
9.96000047307461500167846679687500e-01,-6.41787712318067390601661337257156e+00
9.97000047354958951473236083984375e-01,-6.56118736721593353829543038280292e+00
9.98000047402456402778625488281250e-01,-6.77653160950917386393110852793598e+00
9.99000047449953854084014892578125e-01,-7.22251628669716735399453089172539e+00
